RMSF of CA or P atoms of nucleosome
Generated by VMD rmsf
Residue ID
RMSF, A
Resid	H1
1	7.898163318634033
2	7.2328619956970215
3	6.5463714599609375
4	5.609940528869629
5	4.9802703857421875
6	4.98474645614624
7	5.706902980804443
8	5.499614715576172
9	4.845064163208008
10	5.424890518188477
11	5.97686767578125
12	5.389887809753418
13	5.173550605773926
14	6.077452659606934
15	6.312407493591309
16	5.840025424957275
17	6.302444934844971
18	5.607440948486328
19	5.794431686401367
20	5.064084529876709
21	4.8878045082092285
22	4.376221179962158
23	3.5727105140686035
24	3.2245912551879883
25	3.299360752105713
26	4.022054672241211
27	4.115002155303955
28	3.956747531890869
29	4.570085048675537
30	5.105794429779053
31	5.018576622009277
32	5.266932964324951
33	6.00947380065918
34	6.255403995513916
35	6.290980339050293
36	5.551250457763672
37	5.179646015167236
38	4.385947227478027
39	4.293229103088379
40	4.523380279541016
41	4.075015544891357
42	3.468860387802124
43	3.3134710788726807
44	3.721398115158081
45	3.6204347610473633
46	3.186044692993164
47	3.5322060585021973
48	3.953636646270752
49	3.7813031673431396
50	3.7970776557922363
51	4.309776782989502
52	4.649869441986084
53	4.585621356964111
54	4.871947288513184
55	5.370452880859375
56	5.620808124542236
57	5.593785285949707
58	5.061204433441162
59	5.052114963531494
60	4.54065465927124
61	4.59699821472168
62	4.416101455688477
63	5.047986030578613
64	5.108724117279053
65	4.449019908905029
66	3.7896504402160645
67	3.6951467990875244
68	3.8654046058654785
69	4.0079193115234375
70	4.421929836273193
71	5.117852687835693
72	5.660553932189941
73	6.043387413024902
74	6.730086803436279
75	7.572308540344238
