RMSF of CA or P atoms of nucleosome
Generated by VMD rmsf
Residue ID
RMSF, A
Resid	H1
1	9.691344261169434
2	9.016427040100098
3	8.096988677978516
4	7.151623725891113
5	7.002899646759033
6	6.606967449188232
7	7.699235916137695
8	7.979813575744629
9	7.022099018096924
10	7.469435691833496
11	8.62208366394043
12	8.205578804016113
13	7.492922782897949
14	8.671964645385742
15	9.420211791992188
16	8.633009910583496
17	9.229801177978516
18	8.081171989440918
19	7.78648567199707
20	6.589948654174805
21	6.5398850440979
22	6.47510290145874
23	6.00246524810791
24	5.981603145599365
25	6.902252197265625
26	7.3578386306762695
27	7.027773857116699
28	7.48108434677124
29	8.605648040771484
30	8.682293891906738
31	8.405830383300781
32	9.390752792358398
33	10.306474685668945
34	10.044195175170898
35	10.362296104431152
36	9.045717239379883
37	9.002692222595215
38	8.140310287475586
39	8.666747093200684
40	8.511433601379395
41	7.293292999267578
42	6.87992000579834
43	6.246123313903809
44	6.056891441345215
45	5.9666523933410645
46	5.368169784545898
47	5.278107643127441
48	5.515458583831787
49	5.2883782386779785
50	5.115313529968262
51	5.5180768966674805
52	5.936715602874756
53	5.809716701507568
54	6.197356224060059
55	6.833744049072266
56	7.158625602722168
57	7.21583890914917
58	6.460831642150879
59	6.235983371734619
60	5.567770481109619
61	5.7837347984313965
62	5.626526832580566
63	5.68757438659668
64	5.792860507965088
65	5.835598468780518
66	6.162903785705566
67	5.966724395751953
68	5.135225772857666
69	5.363725662231445
70	5.694591522216797
71	6.644484043121338
72	7.469871520996094
73	7.878133773803711
74	9.345705032348633
75	10.363698959350586
