Average RMSF of side chains and bases atoms of nucleosome
Generated by VMD rmsf
Residue ID
RMSF, A
Resid	H1
1	8.256366729736328
2	0
3	6.888687292734782
4	5.960888544718425
5	4.755009651184082
6	5.1483800411224365
7	6.45883264541626
8	5.7445749044418335
9	4.447931170463562
10	5.635866483052571
11	6.859012794494629
12	5.148771286010742
13	4.958769957224528
14	6.282244682312012
15	6.312127590179443
16	5.611638069152832
17	7.545398235321045
18	5.754469871520996
19	6.82255220413208
20	5.000845193862915
21	0
22	4.710728168487549
23	3.482111096382141
24	3.0585977435112
25	3.207113265991211
26	4.133999824523926
27	4.165508210659027
28	3.4449439525604246
29	4.7527186393737795
30	5.071779727935791
31	4.701388835906982
32	5.098914623260498
33	5.998031139373779
34	6.087478160858154
35	0
36	5.0753278732299805
37	5.81275486946106
38	4.455915927886963
39	4.89157018661499
40	5.577468681335449
41	4.545820236206055
42	3.449214279651642
43	3.5763752460479736
44	4.804713385445731
45	3.7783265113830566
46	3.0354407787323
47	3.8840336203575134
48	0
49	3.8688405752182007
50	4.005617618560791
51	4.4644410610198975
52	4.771891236305237
53	4.3957163492838545
54	4.810579538345337
55	5.569587135314942
56	0
57	5.652390162150065
58	4.818178772926331
59	5.505774974822998
60	4.1422077178955075
61	4.635946432749431
62	4.701078414916992
63	0
64	6.114642937978108
65	0
66	3.95233416557312
67	4.18209707736969
68	0
69	4.067250047411237
70	3.7322557994297574
71	5.486907196044922
72	6.068609952926636
73	6.22318422794342
74	7.607491207122803
75	8.9508770942688
