RMSF of CA or P atoms of nucleosome
Generated by VMD rmsf
Residue ID
RMSF, A
Resid	H1
1	8.631311416625977
2	8.126578330993652
3	7.602114677429199
4	6.940246105194092
5	6.3328471183776855
6	6.343076705932617
7	6.861158847808838
8	6.589275360107422
9	6.0294294357299805
10	6.503824234008789
11	6.919301986694336
12	6.397761344909668
13	6.234245300292969
14	6.967077255249023
15	7.057357311248779
16	6.568151950836182
17	7.06257438659668
18	6.665075778961182
19	6.7418036460876465
20	6.34762716293335
21	6.0967206954956055
22	5.763919830322266
23	5.288832187652588
24	4.98270845413208
25	5.147544860839844
26	5.654407501220703
27	5.566080570220947
28	5.462973594665527
29	6.052465438842773
30	6.428943634033203
31	6.264948844909668
32	6.5462260246276855
33	7.266637802124023
34	7.3950653076171875
35	7.4352922439575195
36	6.718742370605469
37	6.470699310302734
38	5.771250247955322
39	5.721619606018066
40	6.080546855926514
41	5.756553649902344
42	5.171214580535889
43	5.275386333465576
44	5.530685901641846
45	5.282383441925049
46	5.090580463409424
47	5.4814229011535645
48	5.633551597595215
49	5.475892066955566
50	5.660135746002197
51	6.08182954788208
52	6.19900369644165
53	6.23321533203125
54	6.620306491851807
55	6.955654144287109
56	7.083326816558838
57	6.921489715576172
58	6.413350582122803
59	6.427355766296387
60	5.987733840942383
61	6.031591415405273
62	5.952574729919434
63	5.916008472442627
64	6.9415812492370605
65	7.557151794433594
66	7.576846122741699
67	6.097541809082031
68	5.932318687438965
69	5.555765151977539
70	5.739071369171143
71	6.330326557159424
72	6.826139450073242
73	7.277327537536621
74	8.170601844787598
75	9.544265747070313
