Average RMSF of side chains and bases atoms of nucleosome
Generated by VMD rmsf
Residue ID
RMSF, A
Resid	H1
1	10.145894050598145
2	0
3	8.568642616271973
4	7.344085216522217
5	6.9364884694417315
6	6.525485038757324
7	8.36119556427002
8	8.447750806808472
9	6.434673428535461
10	7.573018868764241
11	9.700139999389648
12	7.9628682136535645
13	6.964770793914795
14	8.916930198669434
15	9.541744232177734
16	8.061922073364258
17	10.83430233001709
18	8.06652603149414
19	8.96105466570173
20	6.577701091766357
21	0
22	6.899448394775391
23	6.263070344924927
24	5.857678294181824
25	6.995577335357666
26	7.282663822174072
27	6.607446193695068
28	7.236244487762451
29	9.239116859436034
30	8.403100967407227
31	7.632290959358215
32	9.419658660888672
33	10.272768020629883
34	9.60417652130127
35	0
36	7.8776631355285645
37	9.55880331993103
38	8.261669794718424
39	9.498295402526855
40	9.644270324707032
41	7.567808628082275
42	7.1815396547317505
43	6.531620502471924
44	6.735285145895822
45	6.4724801778793335
46	5.770558166503906
47	5.664183974266052
48	0
49	5.35952365398407
50	5.4971022605896
51	5.65351676940918
52	6.200689077377319
53	5.575631936391194
54	6.109997987747192
55	6.83520393371582
56	0
57	7.298406918843587
58	6.291723251342773
59	6.73913558324178
60	5.379594326019287
61	6.027606169382731
62	6.084463977813721
63	0
64	6.274928251902263
65	0
66	6.653834819793701
67	6.268414735794067
68	0
69	5.742466449737549
70	5.322134154183524
71	7.26032190322876
72	8.17995810508728
73	7.986490249633789
74	10.702374267578126
75	11.357926368713379
