Average RMSF of side chains and bases atoms of nucleosome
Generated by VMD rmsf
Residue ID
RMSF, A
Resid	H1
1	8.933826923370361
2	0
3	7.865838845570882
4	7.263341585795085
5	6.163041591644287
6	6.555860757827759
7	7.548137664794922
8	6.776918292045593
9	5.756202459335327
10	6.755303064982097
11	7.6330491065979
12	6.195986270904541
13	6.131458123524983
14	7.187870979309082
15	7.060690879821777
16	6.241179466247559
17	8.065494155883789
18	6.815003967285156
19	7.509135041918073
20	6.492400884628296
21	0
22	6.018173535664876
23	5.334779262542725
24	4.886947393417358
25	5.175599575042725
26	5.760961532592773
27	5.593287706375122
28	5.011474323272705
29	6.479001235961914
30	6.390882968902588
31	5.957653284072876
32	6.431144714355469
33	7.289971351623535
34	7.216820240020752
35	0
36	6.3076571226119995
37	7.0036115646362305
38	5.8144222895304365
39	6.108542728424072
40	6.831235122680664
41	6.191362142562866
42	4.9544936418533325
43	5.560769319534302
44	6.514376299721854
45	5.298781633377075
46	5.1130979537963865
47	5.85210907459259
48	0
49	5.411456108093262
50	6.040521717071533
51	6.219052314758301
52	6.1927101612091064
53	6.087167739868164
54	6.656729698181152
55	7.071550750732422
56	0
57	6.958564122517903
58	6.23011040687561
59	6.834575335184733
60	5.716903114318848
61	6.0577084223429365
62	7.188035774230957
63	0
64	7.394015471140544
65	0
66	7.82319974899292
67	5.881359815597534
68	0
69	5.524209226880755
70	5.45644610268729
71	6.524114513397217
72	7.098981976509094
73	7.645827651023865
74	8.941631317138672
75	11.039825820922852
