#Frame         angle1
       1     119.1326
       2     121.4242
       3     120.4850
       4     121.9246
       5     117.1035
       6     117.9542
       7     117.0358
       8     111.5685
       9     120.3426
      10     116.9459
      11     118.8834
      12     122.5229
      13     115.3299
      14     116.9206
      15     118.3891
      16     122.0524
      17     121.9148
      18     119.1957
      19     121.5281
      20     116.1623
      21     118.8868
      22     121.0588
      23     118.4196
      24     115.5496
      25     112.3293
      26     111.5530
      27     110.8733
      28     114.4898
      29     117.1802
      30     118.3440
      31     119.1408
      32     118.8777
      33     118.5212
      34     119.5178
      35     115.9779
      36     116.2190
      37     115.5706
      38     119.1556
      39     126.7528
      40     122.4319
      41     121.1642
      42     118.4672
      43     118.6303
      44     117.0440
      45     119.7855
      46     119.4557
      47     120.5628
      48     120.5089
      49     119.7438
      50     118.7980
      51     121.7221
      52     120.7938
      53     122.7433
      54     121.4279
      55     120.5948
      56     120.6917
      57     118.1005
      58     118.7452
      59     124.5180
      60     118.2085
      61     120.5364
      62     119.7012
      63     120.9616
      64     117.7590
      65     119.8432
      66     122.5023
      67     120.4538
      68     126.1727
      69     123.2999
      70     121.1947
      71     118.7377
      72     124.0463
      73     123.6880
      74     117.6188
      75     123.4160
      76     120.3286
      77     120.3929
      78     123.2619
      79     121.9799
      80     120.5948
      81     119.7822
      82     120.7689
      83     119.5840
      84     121.6591
      85     121.5244
      86     119.2468
      87     118.1531
      88     121.6900
      89     120.3868
      90     120.1496
      91     116.0040
      92     121.9703
      93     124.4335
      94     120.6935
      95     119.7008
      96     116.8041
      97     124.0538
      98     121.8777
      99     121.4514
     100     125.7459
     101     122.9831
     102     122.6189
     103     117.0067
     104     118.6478
     105     118.3711
     106     120.5137
     107     119.2842
     108     120.1761
     109     120.5083
     110     120.1545
     111     115.5250
     112     111.6235
     113     113.5202
     114     109.2039
     115     106.1991
     116     113.0015
     117     110.3600
     118     111.3121
     119     116.8455
     120     115.3700
     121     117.4158
     122     113.7564
     123     105.8600
     124     111.5432
     125     110.2511
     126     106.8309
     127     110.5833
     128     105.4450
     129     113.5303
     130     109.5101
     131     112.3547
     132     108.1074
     133     109.2254
     134     111.5699
     135     107.4347
     136     112.9705
     137     108.0131
     138     109.5696
     139     110.8147
     140     106.0788
     141     106.9476
     142     111.1941
     143     114.7534
     144     111.3920
     145     113.0094
     146     111.6535
     147     110.5818
     148     106.5067
     149     110.2355
     150     111.1775
     151     108.8738
     152     113.6974
     153     108.0816
     154     110.8066
     155     102.1439
     156     110.4430
     157     104.0925
     158     107.3852
     159     106.4968
     160     106.4434
     161     109.9916
     162     107.7815
     163     108.7431
     164     107.8209
     165     109.6503
     166     111.1063
     167     109.0611
     168     109.6353
     169     108.7064
     170     107.0219
     171     113.0659
     172     110.1219
     173     111.2553
     174     111.8697
     175     110.2092
     176     109.8350
     177     111.2301
     178     110.5142
     179     109.5781
     180     113.0098
     181     108.2908
     182     108.0722
     183     112.3776
     184     108.6706
     185     108.6155
     186     108.7390
     187     106.3938
     188     109.2010
     189     110.5902
     190     108.5142
     191     108.8915
     192     113.1363
     193     106.8442
     194     112.2494
     195     111.6999
     196     113.2180
     197     111.6366
     198     112.8599
     199     110.8935
     200     111.9050
     201     110.9399
     202     107.9495
     203     111.4820
     204     109.2763
     205     110.0797
     206     115.6711
     207     112.1765
     208     107.8377
     209     113.7142
     210     112.5763
     211     113.7579
     212     111.2480
     213     114.6153
     214     111.1297
     215     114.5348
     216     109.8410
     217     109.3922
     218     110.8929
     219     110.1626
     220     111.3180
     221     109.1231
     222     108.4475
     223     110.4473
     224     110.1808
     225     112.2168
     226     111.9517
     227     115.1132
     228     107.8400
     229     114.8605
     230     113.3234
     231     113.0810
     232     116.5931
     233     115.0596
     234     110.1128
     235     112.8837
     236     111.8762
     237     109.1363
     238     111.7472
     239     111.5440
     240     109.6533
     241     111.3509
     242     111.9665
     243     114.9913
     244     109.2689
     245     110.7463
     246     109.1028
     247     110.5629
     248     110.5263
     249     110.5258
     250     109.3031
     251     113.0125
     252     112.0329
     253     109.8952
     254     109.9776
     255     110.5605
     256     109.2328
     257     113.5551
     258     112.6962
     259     111.5562
     260     110.9474
     261     114.1009
     262     111.5528
     263     110.2373
     264     102.8804
     265     109.2648
     266     109.2191
     267     113.5920
     268     109.4332
     269     109.1569
     270     110.9524
     271     107.5476
     272     109.3201
     273     110.3724
     274     109.3156
     275     112.0261
     276     112.2775
     277     112.0095
     278     109.2671
     279     111.1750
     280     105.4063
     281     109.0355
     282     112.3513
     283     108.4076
     284     111.0455
     285     112.1077
     286     109.6523
     287     111.2884
     288     110.0697
     289     110.5774
     290     108.3932
     291     106.9475
     292     110.4698
     293     109.4236
     294     109.9311
     295     107.9564
     296     108.0889
     297     112.5569
     298     111.6353
     299     115.6036
     300     108.6102
     301     110.6483
     302     111.7869
     303     112.0041
     304     112.3600
     305     112.7251
     306     111.2768
     307     112.9401
     308     105.8400
     309     113.9092
     310     106.1402
     311     112.2393
     312     109.5516
     313     104.4199
     314     105.0580
     315     105.6409
     316     107.7647
     317     109.4964
     318     106.6649
     319     107.0339
     320     108.4384
     321     107.2246
     322     108.0104
     323     108.5760
     324     102.4732
     325     111.1646
     326     110.9791
     327     104.4072
     328     106.2378
     329     107.1894
     330     110.5006
     331     107.4734
     332     107.1404
     333     107.0341
     334     107.7288
     335     106.3510
     336     107.9229
     337     107.7389
     338     111.3684
     339     105.3086
     340     112.9578
     341     106.0537
     342     105.7031
     343     110.2800
     344     110.3743
     345     108.6224
     346     109.2065
     347     109.9260
     348     103.3475
     349     108.4210
     350     108.3238
     351     104.0328
     352     108.8849
     353     108.6181
     354     110.8496
     355     109.6464
     356     111.3906
     357     106.8190
     358     110.6747
     359     106.8155
     360     108.1724
     361     107.2983
     362     107.5812
     363     107.7434
     364     112.9733
     365     115.5476
     366     107.5920
     367     112.7057
     368     108.4602
     369     109.1500
     370     110.9868
     371     111.3072
     372     108.6378
     373     106.4908
     374     110.8040
     375     110.1395
     376     101.3396
     377     108.9404
     378     105.6095
     379     109.5708
     380     107.2316
     381     108.1929
     382     109.4452
     383     105.7636
     384     107.7278
     385     112.0560
     386     113.4034
     387     111.4587
     388     109.7528
     389     109.3308
     390     111.3149
     391     109.1519
     392     104.9308
     393     113.7555
     394     111.8825
     395     113.0139
     396     113.3547
     397     106.9786
     398     107.5591
     399     109.1470
     400     114.6189
     401     114.3416
     402     110.7306
     403     108.5815
     404     111.1965
     405     112.9930
     406     108.6847
     407     109.5353
     408     115.1446
     409     109.5200
     410     110.1315
     411     109.1865
     412     112.5952
     413     111.3282
     414     112.1963
     415     111.2231
     416     110.9666
     417     110.6025
     418     110.2163
     419     112.5594
     420     109.3201
     421     109.1893
     422     109.6713
     423     103.8769
     424     112.1706
     425     111.3823
     426     111.2358
     427     107.5913
     428     106.2855
     429     108.4561
     430     108.3610
     431     106.1228
     432     112.1213
     433     111.0592
     434     108.5219
     435     114.0602
     436     110.2434
     437     109.8450
     438     111.3557
     439     110.5040
     440     113.4627
     441     110.9563
     442     110.7018
     443     111.6398
     444     112.3972
     445     111.4808
     446     113.9524
     447     108.7994
     448     112.6628
     449     111.9721
     450     111.7287
     451     103.6394
     452     111.4020
     453     107.0779
     454     110.8101
     455     106.3658
     456     109.1588
     457     108.0007
     458     109.9502
     459     108.8558
     460     109.6070
     461     112.3297
     462     110.3532
     463     106.1714
     464     108.8478
     465     109.0615
     466     107.0899
     467     108.5452
     468     109.5760
     469     108.0580
     470     111.3842
     471     106.5320
     472     109.4542
     473     105.2699
     474     110.1434
     475     104.1830
     476     109.7395
     477     109.0399
     478     107.1637
     479     103.1068
     480     103.7205
     481     105.5264
     482     106.3765
     483     108.5845
     484     112.5990
     485     110.2290
     486     106.3610
     487     104.7965
     488     103.3195
     489     109.3974
     490     103.7936
     491     109.1854
     492     105.3901
     493     107.2129
     494     108.2636
     495     105.2292
     496     103.4102
     497     102.9810
     498     103.5876
     499     105.5125
     500     107.6337
     501     105.3939
     502     103.1528
     503     105.0510
     504     102.5835
     505     109.0788
     506     110.6761
     507     111.7650
     508     103.0590
     509     108.8887
     510     109.0259
     511     107.5891
     512     107.7393
     513     107.3475
     514     103.7764
     515     103.8982
     516     103.9104
     517     107.6962
     518     103.4866
     519     103.8934
     520     106.8643
     521     106.8382
     522     113.2965
     523     105.8437
     524     104.9977
     525     112.8922
     526     110.6845
     527     108.3782
     528     108.6228
     529     108.3929
     530     105.5511
     531     103.1997
     532     107.8777
     533     108.9379
     534     109.1614
     535     109.7102
     536     106.1522
     537     108.4828
     538     107.1586
     539     107.2305
     540      99.5021
     541     102.5266
     542     109.8718
     543     112.3075
     544     110.9270
     545     115.1166
     546     112.2685
     547     112.2303
     548     110.6318
     549     111.5843
     550     110.5098
     551     107.8906
     552     111.5773
     553     109.2070
     554     107.2983
     555     110.2839
     556     108.6088
     557     111.4814
     558     106.2581
     559     109.5860
     560     108.2879
     561     112.8986
     562     110.2080
     563     112.2664
     564     108.6046
     565     113.8825
     566     107.6717
     567     113.3181
     568     109.4549
     569     112.2193
     570     110.3988
     571     110.6610
     572     106.0666
     573     102.8939
     574     104.4868
     575     102.2190
     576     106.7904
     577     103.9860
     578     106.5143
     579     105.2042
     580     110.6776
     581     106.7045
     582     106.5316
     583     107.2290
     584     104.8312
     585     106.9395
     586     110.4115
     587     109.1497
     588     104.6525
     589     106.3952
     590     106.7635
     591     103.9447
     592     104.8708
     593     104.3367
     594     105.0518
     595     107.2582
     596     109.7789
     597     103.1842
     598     113.1810
     599     112.1675
     600     114.1932
     601     109.7622
     602     114.3289
     603     110.3355
     604     111.5512
     605     114.2801
     606     109.9921
     607     110.3090
     608     109.5849
     609     113.2099
     610     112.3246
     611     111.4744
     612     108.5339
     613     111.2562
     614     110.8523
     615     107.6376
     616     112.4207
     617     111.3881
     618     105.5397
     619     111.3449
     620     110.9959
     621     107.7445
     622     112.6888
     623     114.0977
     624     110.0452
     625     110.0509
     626     107.2968
     627     108.8788
     628     109.6917
     629     108.3596
     630     106.7428
     631     111.0019
     632     102.7529
     633     110.6914
     634     109.6731
     635     110.7841
     636     102.0591
     637     110.8904
     638     104.7858
     639     106.5694
     640     103.7677
     641     103.2469
     642     109.2921
     643     104.3203
     644     102.0668
     645     100.5732
     646     105.7709
     647     107.5835
     648     105.7160
     649     105.8733
     650     102.1817
     651     104.7529
     652     105.1817
     653     105.4035
     654     104.8277
     655     108.7905
     656     108.0676
     657     112.1318
     658     113.2798
     659     110.8048
     660     110.6547
     661     108.0315
     662     109.6680
     663     110.1955
     664     109.6701
     665     106.2637
     666     107.5207
     667     111.7370
     668     112.4297
     669     113.1305
     670     110.0481
     671     112.0056
     672     109.4958
     673     112.5259
     674     111.4354
     675     109.1308
     676     113.1481
     677     106.3605
     678     111.2767
     679     108.4854
     680     107.3927
     681     113.1024
     682     109.7375
     683     113.3645
     684     110.0171
     685     112.2738
     686     110.8430
     687     107.2132
     688     106.8857
     689     112.4853
     690     106.5212
     691     108.7588
     692     107.8956
     693     110.7985
     694     109.3238
     695     108.4547
     696     107.1320
     697     110.9790
     698     106.5641
     699     107.4159
     700     105.9610
     701     113.8531
     702     112.2352
     703     112.6027
     704     111.4117
     705     106.5365
     706     110.5690
     707     108.6789
     708     108.4000
     709     109.2288
     710     112.3775
     711     111.0429
     712     111.6520
     713     114.5996
     714     111.9806
     715     112.4312
     716     110.3339
     717     114.1138
     718     110.5090
     719     113.8882
     720     112.0331
     721     108.2258
     722     108.4268
     723     109.9093
     724     109.0648
     725     108.8884
     726     108.2078
     727     110.9544
     728     109.3767
     729     107.1734
     730     110.5973
     731     109.6264
     732     109.3316
     733     113.2903
     734     113.6149
     735     114.2978
     736     111.1270
     737     110.0737
     738     115.3108
     739     109.8681
     740     112.1521
     741     114.7256
     742     112.8397
     743     110.2339
     744     111.1706
     745     109.3015
     746     108.0672
     747     107.3049
     748     109.6971
     749     106.7084
     750     106.0270
     751     105.7873
     752     109.6130
     753     108.5776
     754     107.7285
     755     107.8408
     756     108.8361
     757     108.3833
     758     106.0992
     759     107.6893
     760     106.1048
     761     106.8714
     762     110.7662
     763     108.8402
     764     107.6486
     765     109.2968
     766     110.5172
     767     109.7239
     768     110.7035
     769     110.9540
     770     114.0123
     771     113.3924
     772     111.2654
     773     110.1578
     774     109.1640
     775     111.7355
     776     109.6855
     777     108.5520
     778     108.8678
     779     110.9286
     780     111.4229
     781     110.0146
     782     110.7232
     783     113.9536
     784     110.8032
     785     108.2421
     786     113.1896
     787     107.7824
     788     108.6654
     789     108.3723
     790     110.3713
     791     108.6375
     792     111.1969
     793     106.5189
     794     112.3519
     795     114.6287
     796     112.2246
     797     111.1045
     798     109.1532
     799     107.1567
     800     107.8451
     801     105.7607
     802     112.9110
     803     106.8582
     804     111.3121
     805     110.9682
     806     109.9381
     807     114.9824
     808     110.1358
     809     111.3968
     810     110.9007
     811     112.1367
     812     108.4511
     813     110.8362
     814     108.7167
     815     112.2867
     816     108.4909
     817     112.9500
     818     112.1047
     819     111.2011
     820     109.3268
     821     109.0675
     822     110.4997
     823     109.1511
     824     104.4336
     825     111.4526
     826     110.0858
     827     111.7826
     828     109.6457
     829     108.8479
     830     108.5550
     831     110.7135
     832     111.3554
     833     107.5577
     834     108.1345
     835     110.6937
     836     108.5396
     837     111.1400
     838     108.8917
     839     108.9961
     840     104.8906
     841     106.2458
     842     107.1499
     843     112.5376
     844     107.4112
     845     107.0821
     846     106.8137
     847     107.3555
     848     109.1608
     849     104.2212
     850     104.8738
     851     103.9680
     852     103.0499
     853     104.6452
     854     110.4033
     855     112.2230
     856     112.7531
     857     113.0079
     858     106.7707
     859     105.8469
     860     109.5903
     861     111.6156
     862     112.0482
     863     106.9121
     864     106.2764
     865     111.3806
     866     102.9606
     867     112.7916
     868     111.2458
     869     113.5688
     870     110.7851
     871     109.9824
     872     105.5355
     873     102.7053
     874      99.5288
     875     108.0114
     876     103.8310
     877     102.0784
     878     103.6861
     879     107.5169
     880     103.2478
     881     109.9762
     882     105.6304
     883     106.7972
     884     109.1540
     885     106.8946
     886     103.1989
     887     106.5704
     888     107.8561
     889     106.6812
     890     103.4717
     891     109.6561
     892     108.2408
     893     104.1365
     894     102.2098
     895     108.2642
     896     111.4124
     897     109.3411
     898     106.2117
     899     113.0798
     900     109.0942
     901     106.6521
     902     111.3794
     903     104.8582
     904     112.0909
     905     111.7435
     906     106.2864
     907     111.9967
     908     110.7411
     909     107.7705
     910     106.8168
     911     108.7312
     912     109.0179
     913     108.7214
     914     112.8596
     915     108.8243
     916     112.1719
     917     110.6570
     918     112.4637
     919     113.6471
     920     110.2036
     921     109.8333
     922     108.5028
     923     109.8531
     924     104.0863
     925     112.5277
     926     109.6909
     927     110.5665
     928     111.2493
     929     113.2070
     930     113.2953
     931     111.4586
     932     111.8843
     933     109.3300
     934     107.0264
     935     110.2254
     936     107.2056
     937     110.6444
     938     113.5781
     939     106.9999
     940     111.2037
     941     108.2866
     942     109.6302
     943     111.5940
     944     110.0472
     945     109.3461
     946     106.9146
     947     108.6883
     948     111.2561
     949     111.5640
     950     110.6528
     951     108.3386
     952     111.4351
     953     111.4208
     954     109.2487
     955     111.0890
     956     114.9756
     957     112.0419
     958     106.5945
     959     110.4660
     960     110.6877
     961     107.4313
     962     104.9260
     963     111.8292
     964     112.2161
     965     110.3136
     966     110.8151
     967     109.8225
     968     112.6704
     969     110.0034
     970     110.7579
     971     111.7862
     972     106.8602
     973     110.6760
     974     107.6024
     975     112.5926
     976     109.6455
     977     111.0615
     978     111.5865
     979     112.2369
     980     110.2515
     981     111.4839
     982     112.8628
     983     111.8389
     984     107.5281
     985     106.9514
     986     113.2155
     987     106.8786
     988     106.7952
     989     106.4286
     990     105.2040
     991     111.8174
     992     111.7855
     993     110.9695
     994     108.5638
     995     109.5885
     996     113.5954
     997     109.0739
     998     111.7749
     999     112.0485
    1000     111.6451
    1001     111.7965
    1002     109.8632
    1003     109.6565
    1004     109.0787
    1005     108.2128
    1006     109.2420
    1007     108.4329
    1008     110.4698
    1009     109.3608
    1010     108.1495
    1011     110.1302
    1012     106.3476
    1013     106.3899
    1014     115.3336
    1015     112.3552
    1016     112.9800
    1017     109.6991
    1018     111.9030
    1019     109.7909
    1020     106.5340
    1021     109.4274
    1022     112.5314
    1023     113.0075
    1024     110.5926
    1025     107.1096
    1026     109.5348
    1027     105.7297
    1028     109.5513
    1029     107.5556
    1030     108.6786
    1031     106.4615
    1032     112.6133
    1033     112.3922
    1034     109.5844
    1035     114.7860
    1036     111.8382
    1037     113.0670
    1038     112.6022
    1039     112.2235
    1040     109.7191
    1041     112.0839
    1042     109.3924
    1043     110.2904
    1044     107.9703
    1045     111.8736
    1046     109.3276
    1047     104.8957
    1048     107.4266
    1049     113.5633
    1050     113.4991
    1051     111.6013
    1052     110.0599
    1053     109.2159
    1054     109.4287
    1055     111.1830
    1056     116.3724
    1057     111.1142
    1058     111.1297
    1059     113.9885
    1060     110.5583
    1061     113.1779
    1062     114.1485
    1063     111.5294
    1064     109.5248
    1065     112.5855
    1066     113.7950
    1067     113.8170
    1068     113.8580
    1069     113.2149
    1070     111.7677
    1071     111.0165
    1072     112.4485
    1073     111.1378
    1074     110.5644
    1075     113.6945
    1076     110.4382
    1077     113.6522
    1078     108.3676
    1079     112.1083
    1080     107.8997
    1081     112.5410
    1082     111.4775
    1083     112.3654
    1084     112.3363
    1085     109.4927
    1086     112.2901
    1087     113.4354
    1088     112.0097
    1089     111.8138
    1090     111.0040
    1091     109.9688
    1092     110.6306
    1093     109.3244
    1094     111.2489
    1095     108.8100
    1096     108.9525
    1097     114.4020
    1098     113.6339
    1099     109.8002
    1100     109.9350
    1101     108.1743
    1102     113.3569
    1103     110.0788
    1104     111.9917
    1105     107.2441
    1106     113.9767
    1107     111.7532
    1108     112.9085
    1109     108.7573
    1110     108.4397
    1111     107.0489
    1112     110.1907
    1113     107.5882
    1114     109.6108
    1115     107.3426
    1116     109.4960
    1117     114.5443
    1118     109.9783
    1119     114.4352
    1120     110.4177
    1121     106.0705
    1122     112.9890
    1123     113.6738
    1124     111.3108
    1125     111.2121
    1126     112.3466
    1127     113.3872
    1128     113.0189
    1129     111.2342
    1130     110.6200
    1131     108.2997
    1132     107.4259
    1133     103.4070
    1134     105.3711
    1135     102.8234
    1136     106.6260
    1137     103.7918
    1138     105.7367
    1139     107.6076
    1140     110.2719
    1141     107.9134
    1142     112.1785
    1143     111.2592
    1144     111.1194
    1145     111.8174
    1146     109.7284
    1147     115.1566
    1148     111.9015
    1149     116.5505
    1150     118.4324
    1151     108.1399
    1152     110.5517
    1153     110.2838
    1154     110.7138
    1155     111.5658
    1156     109.4755
    1157     112.9065
    1158     110.9869
    1159     111.1958
    1160     116.1521
    1161     108.5464
    1162     111.7745
    1163     113.0553
    1164     109.2957
    1165     113.5596
    1166     116.3941
    1167     114.5632
    1168     111.5880
    1169     109.0819
    1170     113.0409
    1171     110.9739
    1172     110.9215
    1173     109.4550
    1174     112.5733
    1175     114.1066
    1176     110.3063
    1177     117.0856
    1178     111.6882
    1179     112.5760
    1180     113.3046
    1181     111.9838
    1182     116.0320
    1183     116.5485
    1184     119.1846
    1185     112.3951
    1186     112.4660
    1187     113.5599
    1188     110.0187
    1189     104.1350
    1190     109.3014
    1191     113.2425
    1192     110.8114
    1193     111.4990
    1194     110.0160
    1195     111.1313
    1196     111.4672
    1197     114.0960
    1198     113.6665
    1199     115.8495
    1200     112.6004
    1201     113.6839
    1202     113.9092
    1203     113.3208
    1204     110.8575
    1205     111.6919
    1206     110.9870
    1207     111.0071
    1208     108.9538
    1209     111.7498
    1210     111.6956
    1211     110.0098
    1212     108.5656
    1213     110.2075
    1214     107.3569
    1215     111.6945
    1216     106.1294
    1217     110.2014
    1218     109.5694
    1219     110.3211
    1220     108.7064
    1221     110.1927
    1222     108.5900
    1223     110.9539
    1224     110.8859
    1225     111.1859
    1226     106.1742
    1227     108.7351
    1228     106.2604
    1229     109.1447
    1230     108.3801
    1231     106.7889
    1232     107.0780
    1233     108.3565
    1234     110.2922
    1235     108.6481
    1236     107.8193
    1237     106.8675
    1238     106.5003
    1239     109.3695
    1240     109.5742
    1241     110.3957
    1242     112.5929
    1243     107.4794
    1244     108.5936
    1245     111.3029
    1246     109.8703
    1247     107.7184
    1248     109.0603
    1249     110.3143
    1250     114.1852
    1251     107.5988
    1252     110.3257
    1253     107.4136
    1254     109.7453
    1255     111.0167
    1256     111.8901
    1257     109.4617
    1258     110.0897
    1259     112.0359
    1260     108.1341
    1261     107.1689
    1262     110.0703
    1263     107.3849
    1264     113.5592
    1265     108.0334
    1266     107.7959
    1267     111.1158
    1268     109.2416
    1269     109.2168
    1270     109.8053
    1271     109.3068
    1272     111.1977
    1273     109.0516
    1274     111.4313
    1275     112.4516
    1276     108.8224
    1277     111.2459
    1278     109.5504
    1279     110.1975
    1280     113.3792
    1281     109.9444
    1282     108.8243
    1283     114.0085
    1284     108.6452
    1285     108.3605
    1286     109.0976
    1287     110.0521
    1288     109.3463
    1289     109.7730
    1290     109.4146
    1291     111.4436
    1292     110.1787
    1293     113.6530
    1294     111.3463
    1295     108.8646
    1296     110.8142
    1297     110.0644
    1298     110.2733
    1299     114.5044
    1300     111.0982
    1301     110.7541
    1302     109.7138
    1303     109.5206
    1304     108.8674
    1305     108.1400
    1306     108.5267
    1307     105.9269
    1308     110.9386
    1309     110.8326
    1310     112.8012
    1311     109.1913
    1312     107.9407
    1313     110.0456
    1314     112.9693
    1315     108.9829
    1316     105.7332
    1317     108.7410
    1318     109.0659
    1319     110.2022
    1320     112.6603
    1321     113.2584
    1322     111.6779
    1323     111.0685
    1324     109.2223
    1325     109.8610
    1326     109.0377
    1327     112.2704
    1328     111.6343
    1329     111.7768
    1330     116.6245
    1331     110.7613
    1332     110.5329
    1333     113.8479
    1334     111.0226
    1335     106.9736
    1336     110.7189
    1337     108.8434
    1338     110.6879
    1339     100.2129
    1340     108.7705
    1341     109.9566
    1342     104.8860
    1343     110.9391
    1344     108.6709
    1345     111.6154
    1346     108.3216
    1347     109.2356
    1348     112.8240
    1349     109.0341
    1350     113.2791
    1351     111.4282
    1352     106.2193
    1353     107.8595
    1354     110.0298
    1355     107.1113
    1356     105.1443
    1357     102.9317
    1358     106.6926
    1359     103.9669
    1360     106.0156
    1361     108.6704
    1362     105.4914
    1363     111.4717
    1364     106.3681
    1365     105.5451
    1366     105.8935
    1367     105.1073
    1368     106.8988
    1369     109.5983
    1370     111.4139
    1371     109.6770
    1372     110.9821
    1373     109.7584
    1374     109.7478
    1375     112.9344
    1376     116.0897
    1377     113.8193
    1378     106.8310
    1379     109.1065
    1380     110.8669
    1381     108.4296
    1382     105.0015
    1383     107.0824
    1384     107.8103
    1385     107.9057
    1386     108.8003
    1387     112.7380
    1388     106.3067
    1389     104.5919
    1390     104.6095
    1391     105.7664
    1392     104.6575
    1393     109.8273
    1394     103.4440
    1395     101.4601
    1396     104.8759
    1397     108.5499
    1398     103.3015
    1399     103.7601
    1400     102.8135
    1401     106.5990
    1402     104.9930
    1403     107.3842
    1404     105.3262
    1405     109.5107
    1406     107.9736
    1407     105.6154
    1408     107.5817
    1409     108.3015
    1410     105.6084
    1411     108.6583
    1412     107.4072
    1413     105.9751
    1414     105.5666
    1415     109.2157
    1416     105.7810
    1417     110.1467
    1418     111.3049
    1419     106.9216
    1420     109.9682
    1421     102.5533
    1422     107.4064
    1423     106.4435
    1424     106.4260
    1425     108.5679
    1426     107.4979
    1427     105.4568
    1428     110.5530
    1429     110.1730
    1430     103.3768
    1431     112.2776
    1432     104.6173
    1433     106.5379
    1434     104.3105
    1435     110.9604
    1436     106.3333
    1437     109.1439
    1438     105.3458
    1439     105.3055
    1440     106.3171
    1441     102.0107
    1442     103.4359
    1443     106.0798
    1444     108.8610
    1445     109.7209
    1446     110.0322
    1447     111.3717
    1448     104.2818
    1449     104.4119
    1450     102.1299
    1451     104.1802
    1452     101.9445
    1453     104.9450
    1454     106.3708
    1455     104.2045
    1456     105.3564
    1457     107.4804
    1458     111.0807
    1459     112.0663
    1460     109.4431
    1461     109.4399
    1462     110.2229
    1463     109.2035
    1464     108.7872
    1465     114.0841
    1466     110.2388
    1467     114.3418
    1468     112.4732
    1469     108.9888
    1470     115.6879
    1471     110.8869
    1472     113.1485
    1473     110.2974
    1474     111.3588
    1475     111.3436
    1476     113.1830
    1477     108.2034
    1478     112.1863
    1479     111.0265
    1480     109.7374
    1481     112.5705
    1482     107.0997
    1483     108.2888
    1484     113.4554
    1485     110.3432
    1486     111.7756
    1487     109.8483
    1488     116.2322
    1489     108.5602
    1490     111.2361
    1491     113.0669
    1492     112.7473
    1493     110.0374
    1494     105.7964
    1495     113.8462
    1496     112.1847
    1497     110.0381
    1498     112.5419
    1499     109.7393
    1500     109.8766
    1501     106.0456
    1502     103.2110
    1503     103.8158
    1504     103.4461
    1505     104.5175
    1506     110.2248
    1507     106.2020
    1508     106.3320
    1509     108.9285
    1510     105.0352
    1511     105.9442
    1512     103.9966
    1513     100.4908
    1514     103.9846
    1515     108.6730
    1516     109.9695
    1517     110.7607
    1518     113.9672
    1519     109.8534
    1520     106.5087
    1521     109.6417
    1522     113.2603
    1523     111.8746
    1524     109.5463
    1525     105.1603
    1526     106.8203
    1527     104.2019
    1528     104.3319
    1529     107.3117
    1530     107.5260
    1531     104.6565
    1532     102.5012
    1533     105.4712
    1534     105.7356
    1535     106.6304
    1536     106.2459
    1537     107.5280
    1538     107.7247
    1539     108.5391
    1540     112.5345
    1541     111.1396
    1542     110.3977
    1543     109.2156
    1544     112.3851
    1545     107.7286
    1546     112.2583
    1547     108.6062
    1548     110.7850
    1549     105.6269
    1550     102.9921
    1551     108.4569
    1552     105.8609
    1553     110.7374
    1554     105.5658
    1555     105.0237
    1556     109.2538
    1557     105.7429
    1558     107.6744
    1559     102.3685
    1560     107.5592
    1561     102.6251
    1562     105.3894
    1563     101.1757
    1564      99.9097
    1565     102.4797
    1566     105.0052
    1567     110.6176
    1568     104.3184
    1569     109.1238
    1570     107.3706
    1571     112.4413
    1572     105.1117
    1573     113.5316
    1574     111.3245
    1575     110.6698
    1576     110.7859
    1577     113.3254
    1578     110.7087
    1579     108.6983
    1580     105.9675
    1581     109.0624
    1582     108.1003
    1583     106.4127
    1584     111.1901
    1585     105.0010
    1586     111.5125
    1587     108.9407
    1588     108.8223
    1589     115.1499
    1590     110.5501
    1591     108.6707
    1592     109.3643
    1593     103.5975
    1594     112.5288
    1595     103.6822
    1596     106.7480
    1597     107.9315
    1598     109.2997
    1599     113.4501
    1600     105.1853
    1601     107.4264
    1602     105.9021
    1603     110.5516
    1604     108.9769
    1605     105.9907
    1606     110.2544
    1607     112.0867
    1608     107.9417
    1609     108.3103
    1610     104.8894
    1611     108.1764
    1612     111.1794
    1613     112.4728
    1614     109.5413
    1615     105.3554
    1616     111.0462
    1617     110.5898
    1618     110.3857
    1619     109.8194
    1620     113.1560
    1621     110.5088
    1622     113.5675
    1623     111.1951
    1624     106.7657
    1625     111.1570
    1626     108.8803
    1627     105.8671
    1628     106.5201
    1629     105.7458
    1630     109.8281
    1631     111.4898
    1632     110.8698
    1633     109.7327
    1634     113.8059
    1635     109.1651
    1636     108.8873
    1637     108.8676
    1638     107.4283
    1639     112.4614
    1640     109.5538
    1641     112.5530
    1642     110.3866
    1643     109.1157
    1644     110.5653
    1645     106.1359
    1646     109.1849
    1647     110.6669
    1648     106.6359
    1649     108.3005
    1650     112.4579
    1651     109.4812
    1652     108.5334
    1653     108.4322
    1654     108.9256
    1655     107.6103
    1656     102.2826
    1657     105.2670
    1658     107.0785
    1659     103.8895
    1660      98.9868
    1661     102.5632
    1662     100.2162
    1663     107.1772
    1664     108.9558
    1665     110.2014
    1666     105.4951
    1667     115.4081
    1668     109.7171
    1669     111.7550
    1670     110.6268
    1671     102.2021
    1672     110.4332
    1673     110.4270
    1674     111.4717
    1675     105.1822
    1676     108.3099
    1677     109.6096
    1678     111.0626
    1679     110.8732
    1680     106.3331
    1681     109.0909
    1682     103.9882
    1683     109.6711
    1684     106.2622
    1685     109.0435
    1686     101.9399
    1687     107.7123
    1688     105.8398
    1689     114.7680
    1690     110.1681
    1691     112.4973
    1692     114.7054
    1693     106.4318
    1694     105.6475
    1695     103.9690
    1696     104.2976
    1697     103.4055
    1698      98.4230
    1699     104.6295
    1700     103.5436
    1701     106.1991
    1702     110.5984
    1703     109.6707
    1704     105.8360
    1705     107.9994
    1706     102.7689
    1707     104.6729
    1708     111.1173
    1709     111.9434
    1710     110.3106
    1711     108.8286
    1712     109.3032
    1713     109.7488
    1714     105.6763
    1715     107.2108
    1716     109.0598
    1717     111.3758
    1718     104.4406
    1719     106.6074
    1720     106.2726
    1721     105.9900
    1722     104.7342
    1723     105.2848
    1724     108.3982
    1725     107.9342
    1726     114.3967
    1727     110.9533
    1728     108.2691
    1729     112.9004
    1730     112.3026
    1731     108.7199
    1732     108.0377
    1733     105.8106
    1734     106.3991
    1735     108.5093
    1736     108.3980
    1737     107.8080
    1738     105.0421
    1739     112.9509
    1740     109.6981
    1741     111.2849
    1742     112.8995
    1743     111.1254
    1744     110.0691
    1745     113.3101
    1746     111.5648
    1747     115.0668
    1748     109.0467
    1749     109.0520
    1750     107.6553
    1751     113.8703
    1752     112.0715
    1753     113.7119
    1754     109.8750
    1755     109.9082
    1756     106.9786
    1757     110.6012
    1758     110.4305
    1759     112.2230
    1760     112.4500
    1761     109.4680
    1762     112.1130
    1763     109.0263
    1764     113.6493
    1765     109.7845
    1766     109.5241
    1767     114.0069
    1768     114.1186
    1769     114.3365
    1770     108.8077
    1771     111.2381
    1772     111.4149
    1773     111.0587
    1774     115.5979
    1775     113.6915
    1776     111.4481
    1777     108.1697
    1778     108.5609
    1779     111.6334
    1780     112.8701
    1781     113.6479
    1782     116.8040
    1783     115.0534
    1784     113.9667
    1785     116.8478
    1786     115.9978
    1787     113.8708
    1788     110.9823
    1789     106.7341
    1790     112.5375
    1791     113.1400
    1792     116.0027
    1793     115.8572
    1794     114.9569
    1795     113.5740
    1796     114.8647
    1797     118.3534
    1798     117.0791
    1799     112.9720
    1800     112.1721
    1801     114.8774
    1802     113.5779
    1803     111.6230
    1804     110.5919
    1805     106.8617
    1806     110.2020
    1807     109.2196
    1808     111.4652
    1809     110.5732
    1810     109.6350
    1811     111.4744
    1812     109.1046
    1813     112.0143
    1814     115.4865
    1815     112.7926
    1816     109.5101
    1817     109.4040
    1818     105.5106
    1819     107.7328
    1820     109.2995
    1821     113.6651
    1822     115.0589
    1823     109.8893
    1824     110.4482
    1825     111.6285
    1826     111.8241
    1827     115.1599
    1828     109.8087
    1829     109.6944
    1830     114.3311
    1831     106.7697
    1832     110.8399
    1833     109.8209
    1834     108.9333
    1835     112.8963
    1836     111.9289
    1837     117.1534
    1838     109.4594
    1839     112.5028
    1840     110.5358
    1841     110.9326
    1842     108.8470
    1843     108.3727
    1844     107.7181
    1845     112.6154
    1846     108.9148
    1847     112.6344
    1848     112.5011
    1849     109.9257
    1850     107.2496
    1851     109.8075
    1852     111.1839
    1853     110.2773
    1854     111.4364
    1855     109.6910
    1856     109.9905
    1857     105.9726
    1858     105.3285
    1859     107.0600
    1860     115.5214
    1861     106.3950
    1862     110.5302
    1863     110.3215
    1864     109.1903
    1865     109.3115
    1866     111.2880
    1867     109.8616
    1868     110.8358
    1869     113.0766
    1870     111.3075
    1871     112.7631
    1872     111.8274
    1873     106.9093
    1874     108.0718
    1875     110.1539
    1876     109.3477
    1877     109.0573
    1878     108.1958
    1879     111.2623
    1880     109.9438
    1881     108.3356
    1882     104.1499
    1883     109.5031
    1884     107.2260
    1885     107.3499
    1886     111.4613
    1887     110.8548
    1888     107.3067
    1889     111.8077
    1890     112.2896
    1891     114.6314
    1892     112.9835
    1893     110.9732
    1894     116.6327
    1895     113.3057
    1896     111.7276
    1897     109.9004
    1898     114.6182
    1899     111.9478
    1900     108.0254
    1901     110.2309
    1902     108.9961
    1903     109.8110
    1904     108.7425
    1905     106.7978
    1906     107.4105
    1907     111.3957
    1908     108.4030
    1909     114.0744
    1910     108.5306
    1911     105.0751
    1912     110.7582
    1913     112.0486
    1914     109.6990
    1915     103.3946
    1916     106.6039
    1917     105.0626
    1918     107.4744
    1919     107.9926
    1920     100.8558
    1921     100.3879
    1922     105.0081
    1923     107.9592
    1924     104.9410
    1925     110.1713
    1926     108.2323
    1927     107.2121
    1928     108.1466
    1929     108.4089
    1930     109.4222
    1931     110.0765
    1932     106.9601
    1933     110.4136
    1934     111.0785
    1935     106.5684
    1936     113.7099
    1937     112.3253
    1938     114.1970
    1939     105.9468
    1940     105.9299
    1941     106.6795
    1942     113.3830
    1943     103.3664
    1944     105.7087
    1945     107.9365
    1946     106.6329
    1947     113.1991
    1948     107.2835
    1949     107.9016
    1950     104.4860
    1951     107.9580
    1952     110.6867
    1953     109.4208
    1954     106.3065
    1955     104.0400
    1956     102.5681
    1957     103.4210
    1958     104.8207
    1959     107.5977
    1960     104.3249
    1961     106.4595
    1962     106.6295
    1963     107.6610
    1964     105.9955
    1965     106.6844
    1966     108.4358
    1967     106.0856
    1968     105.8737
    1969     104.9563
    1970     105.3753
    1971     106.8329
    1972     107.4863
    1973     111.4609
    1974     103.0235
    1975     105.3028
    1976     109.9572
    1977     105.6345
    1978     109.5809
    1979     109.1084
    1980     107.1203
    1981     108.3392
    1982     106.2579
    1983     110.3030
    1984     106.9367
    1985     110.7692
    1986     107.5168
    1987     109.4414
    1988     110.2278
    1989     110.9709
    1990     110.3896
    1991     108.7629
    1992     112.2990
    1993     112.8583
    1994     112.7587
    1995     113.3107
    1996     111.0597
    1997     111.5501
    1998     108.1475
    1999     112.1177
    2000     109.8332
    2001     109.1830
    2002     110.7115
    2003     111.1908
    2004     108.7342
    2005     104.6115
    2006     103.8766
    2007     109.6680
    2008     107.5901
    2009     105.9484
    2010     103.9422
    2011     106.3610
    2012     104.1373
    2013     106.3022
    2014     104.4967
    2015     104.8759
    2016     108.8202
    2017     106.0020
    2018     102.7896
    2019     106.9987
    2020     106.1285
    2021     107.5682
    2022     102.3898
    2023     101.7415
    2024     105.9693
    2025     107.7591
    2026     108.4053
    2027     111.5965
    2028     103.0061
    2029     111.4999
    2030     111.8521
    2031     106.6497
    2032     108.5931
    2033     108.3485
    2034     111.8937
    2035     108.5264
    2036     111.0539
    2037     109.1323
    2038     109.9977
    2039     106.6493
    2040     109.3834
    2041     110.0810
    2042     107.2008
    2043     108.8467
    2044     108.3653
    2045     107.9992
    2046     108.7666
    2047     107.3993
    2048     107.6359
    2049     108.9768
    2050     108.5687
    2051     110.1485
    2052     112.3151
    2053     109.8217
    2054     106.0132
    2055     107.2905
    2056     106.0341
    2057     104.9960
    2058     109.5219
    2059     109.3997
    2060     107.6372
    2061     108.3843
    2062     105.7173
    2063     105.9655
    2064     109.6394
    2065     111.2430
    2066     109.8237
    2067     105.3462
    2068     110.0926
    2069     109.9082
    2070     116.6312
    2071     110.3396
    2072     108.9174
    2073     108.0745
    2074     108.5911
    2075     108.6541
    2076     108.3930
    2077     110.1046
    2078     109.6418
    2079     109.5794
    2080     108.1538
    2081     110.7323
    2082     109.8030
    2083     106.9697
    2084     101.1679
    2085     106.7334
    2086     109.1298
    2087     101.9389
    2088     108.6246
    2089     111.3883
    2090     111.8353
    2091     108.2119
    2092     113.4922
    2093     113.0826
    2094     109.7235
    2095     108.2114
    2096     110.8013
    2097     105.2168
    2098     110.7991
    2099     109.6744
    2100     108.3376
    2101     108.3000
    2102     113.0664
    2103     111.3211
    2104     114.8333
    2105     110.9805
    2106     112.4484
    2107     113.5850
    2108     114.4942
    2109     108.7015
    2110     108.7672
    2111     109.6262
    2112     111.2782
    2113     110.3340
    2114     110.9559
    2115     109.1648
    2116     109.9419
    2117     108.5757
    2118     112.0893
    2119     112.0289
    2120     109.1776
    2121     116.3415
    2122     112.1954
    2123     115.9420
    2124     108.7509
    2125     109.2527
    2126     112.0413
    2127     109.5903
    2128     110.1447
    2129     112.5361
    2130     114.0843
    2131     111.0780
    2132     112.4339
    2133     111.5278
    2134     110.6372
    2135     109.6061
    2136     107.4492
    2137     114.3234
    2138     111.0582
    2139     110.1182
    2140     104.1293
    2141     109.8582
    2142     110.9400
    2143     109.9454
    2144     111.1827
    2145     108.9711
    2146     111.8236
    2147     113.0420
    2148     113.2194
    2149     110.7592
    2150     110.5518
    2151     111.6524
    2152     109.6260
    2153     111.2790
    2154     110.4973
    2155     107.8982
    2156     111.8928
    2157     110.4932
    2158     107.0607
    2159     110.0537
    2160     110.6616
    2161     107.8238
    2162     111.0721
    2163     110.4196
    2164     108.4961
    2165     109.4061
    2166     107.6959
    2167     108.7346
    2168     108.3433
    2169     108.9885
    2170     106.3956
    2171     112.5732
    2172     108.2884
    2173     105.5771
    2174     106.8533
    2175     109.1407
    2176     110.5956
    2177     107.6469
    2178     107.8522
    2179     109.7815
    2180     108.2562
    2181     108.4449
    2182     108.4869
    2183     108.1420
    2184     108.8222
    2185     107.6708
    2186     110.5651
    2187     107.5521
    2188     105.2620
    2189     105.4915
    2190     106.6869
    2191     114.0957
    2192     109.0623
    2193     111.4159
    2194     109.7511
    2195     112.9327
    2196     110.3411
    2197     112.4741
    2198     111.9239
    2199     111.6121
    2200     114.2542
    2201     105.8623
    2202     109.3735
    2203     108.1061
    2204     108.2939
    2205     108.0524
    2206     106.6062
    2207     108.8568
    2208     103.9372
    2209     107.3445
    2210     106.4174
    2211     109.1359
    2212     111.4649
    2213     111.9323
    2214     109.6543
    2215     107.5033
    2216     113.5902
    2217     109.1088
    2218     109.7250
    2219     112.0228
    2220     108.2627
    2221     112.0457
    2222     110.6742
    2223     111.0406
    2224     111.8542
    2225     112.2658
    2226     113.0357
    2227     111.3517
    2228     111.3333
    2229     111.5141
    2230     113.8520
    2231     109.9333
    2232     105.6929
    2233     111.4065
    2234     106.2115
    2235     106.3188
    2236     107.0435
    2237     108.1976
    2238     109.1685
    2239     107.4710
    2240     109.1961
    2241     110.4365
    2242     109.0314
    2243     111.8505
    2244     108.9720
    2245     104.0965
    2246     107.8066
    2247     104.1110
    2248     103.3366
    2249     111.2939
    2250     103.3969
    2251     104.8575
