#Frame         angle1
       1     109.6122
       2     111.0436
       3     106.9658
       4     108.1389
       5     112.3102
       6     107.1684
       7     108.6240
       8     107.4425
       9     110.7547
      10     112.5474
      11     117.7544
      12     116.5528
      13     115.4014
      14     108.9494
      15     110.6917
      16     109.8472
      17     112.9003
      18     110.3662
      19     108.4537
      20     106.2262
      21     112.2391
      22     108.5833
      23     109.6618
      24     113.8463
      25     115.5184
      26     108.9863
      27     110.8058
      28     114.1807
      29     108.8013
      30     110.1325
      31     111.0924
      32     111.5213
      33     114.4418
      34     114.0943
      35     111.0192
      36     111.0847
      37     110.5544
      38     108.4224
      39     113.4894
      40     108.2960
      41     111.6569
      42     110.9826
      43     111.2196
      44     112.2299
      45     112.3095
      46     111.1955
      47     107.0316
      48     110.3835
      49     102.4717
      50     108.4004
      51     108.9599
      52     106.8499
      53     105.0932
      54     108.1236
      55     111.5022
      56     111.1598
      57     113.1379
      58     109.4303
      59     107.5831
      60     112.5359
      61     113.1760
      62     118.0026
      63     113.4227
      64     111.0408
      65     111.0716
      66     109.2018
      67     113.7464
      68     109.0171
      69     108.9859
      70     109.8954
      71     108.8612
      72     117.2638
      73     116.7666
      74     116.0274
      75     120.3326
      76     118.3262
      77     117.0617
      78     110.7167
      79     114.1651
      80     114.5882
      81     117.0274
      82     119.0140
      83     113.7246
      84     117.7010
      85     110.3733
      86     113.2684
      87     107.7567
      88     107.4615
      89     110.7500
      90     110.8840
      91     115.1487
      92     114.3201
      93     108.0419
      94     111.2646
      95     108.2322
      96     111.6073
      97     115.1703
      98     113.5387
      99     115.2419
     100     109.3483
     101     111.2937
     102     110.4159
     103     104.8186
     104     108.9509
     105     107.9564
     106     114.5458
     107     112.3712
     108     110.4558
     109     114.7169
     110     112.5008
     111     107.7501
     112     109.8102
     113     110.8754
     114     108.3590
     115     110.8426
     116     108.6303
     117     114.0351
     118     108.0268
     119     108.6941
     120     112.4707
     121     107.8723
     122     108.7386
     123     106.5121
     124     106.0028
     125     105.0707
     126     105.6267
     127     106.8190
     128     105.9543
     129     102.3589
     130     110.5711
     131     110.2853
     132     107.4297
     133     104.0632
     134     105.4268
     135     101.2489
     136     102.6015
     137     101.7258
     138      99.5644
     139     101.8800
     140     101.7176
     141     106.5085
     142     100.1229
     143     106.6614
     144     102.2824
     145     104.1491
     146     104.4849
     147     106.8104
     148     107.2609
     149      99.5000
     150     105.9217
     151     105.3829
     152     107.2098
     153     109.0038
     154     105.6387
     155     106.7769
     156     107.8772
     157     105.1484
     158     102.1321
     159     104.5396
     160     108.4255
     161     110.3645
     162     110.1232
     163     107.8014
     164     105.8127
     165     109.4858
     166     104.7123
     167     113.3563
     168     111.1331
     169     106.3101
     170     115.5028
     171     112.2268
     172     114.5042
     173     110.4713
     174     113.8464
     175     111.2414
     176     107.4777
     177     111.5852
     178     117.1069
     179     116.6166
     180     117.0410
     181     114.4092
     182     111.7386
     183     113.9386
     184     109.2132
     185     108.4755
     186     110.3612
     187     114.5849
     188     112.6720
     189     113.2568
     190     106.7366
     191     103.9170
     192     102.4021
     193     108.4171
     194     107.8279
     195     108.6756
     196     112.2287
     197     107.2234
     198     111.4130
     199     111.9026
     200     109.1396
     201     109.5496
     202     107.9015
     203     110.2565
     204     113.0516
     205     109.3050
     206     111.7016
     207     109.0758
     208     115.0400
     209     110.3952
     210     111.2614
     211     109.7948
     212     110.6494
     213     108.8673
     214     102.0549
     215     110.0099
     216     107.8304
     217     114.2269
     218     110.8201
     219     108.8438
     220     109.8917
     221     108.9466
     222     107.1477
     223     105.7094
     224     109.2564
     225     109.5338
     226     101.7365
     227     105.5977
     228     102.8790
     229     104.0580
     230     105.7891
     231     105.0834
     232     107.2806
     233      99.2480
     234     101.9173
     235     100.5494
     236     101.7687
     237     100.6622
     238     101.7059
     239     100.5660
     240     102.6688
     241     108.3311
     242     104.0215
     243     107.4139
     244     107.6023
     245     106.4106
     246     100.3146
     247     102.5971
     248     101.7247
     249     102.1401
     250     101.8871
     251     100.5428
     252     107.7868
     253     100.6576
     254     103.9130
     255     101.5174
     256     102.2131
     257     101.6274
     258      98.5291
     259     101.9410
     260     101.7882
     261     104.3926
     262     102.6158
     263     106.3074
     264     105.7410
     265     108.2068
     266     102.3942
     267     100.9243
     268     103.8062
     269     100.0756
     270     104.5415
     271     105.3190
     272     107.1864
     273     105.2121
     274     103.1236
     275     105.0309
     276     102.7911
     277     102.5732
     278     102.8349
     279     105.4484
     280     105.5715
     281     107.0028
     282     105.0231
     283     103.8318
     284     103.0895
     285     102.2817
     286     110.1058
     287     102.0832
     288     103.5795
     289     104.4464
     290     107.0596
     291     104.7483
     292     102.2011
     293     104.9764
     294     105.5303
     295     108.0583
     296     109.4950
     297     104.1124
     298     104.3246
     299     105.1414
     300     103.0443
     301     104.1950
     302     107.5962
     303     108.1591
     304     106.1043
     305     105.3920
     306     100.0234
     307     103.9016
     308     103.0402
     309     101.3395
     310      99.3799
     311     105.1185
     312      99.2341
     313     104.4107
     314     106.0336
     315     103.5302
     316     101.0522
     317     106.2592
     318     103.5695
     319     103.7408
     320     107.9673
     321     105.8990
     322     108.5407
     323     108.8573
     324     106.7470
     325     106.8975
     326     109.7236
     327     112.6691
     328     106.2569
     329     107.6437
     330     104.2186
     331     108.5359
     332     103.3481
     333     109.3542
     334     103.7587
     335     107.4551
     336     105.6599
     337     104.3519
     338     109.6281
     339     110.2792
     340     106.1498
     341     109.8740
     342     108.2554
     343     101.9001
     344     108.3800
     345     114.2996
     346     106.4993
     347     104.8184
     348     106.5942
     349     107.9570
     350     105.5417
     351     109.1718
     352     100.0289
     353     105.1782
     354     103.6153
     355     108.5197
     356     108.0796
     357      99.1139
     358     105.9686
     359     109.0200
     360     109.6056
     361     107.9291
     362     105.4850
     363     103.3215
     364     102.5439
     365     107.9837
     366     105.9620
     367     112.3750
     368     113.9989
     369     109.4180
     370     107.8973
     371     107.7334
     372     112.9736
     373     111.5600
     374     109.2114
     375     108.1781
     376     113.3967
     377     105.8222
     378     106.0646
     379     112.9391
     380     111.3830
     381     107.4817
     382     109.2301
     383     106.7911
     384     104.3198
     385     103.0568
     386     111.1169
     387     112.2622
     388     110.9442
     389     111.2073
     390     110.0048
     391     110.2100
     392     111.5569
     393     112.3659
     394     111.7701
     395     111.3699
     396     110.5429
     397     113.0057
     398     111.6559
     399     115.6967
     400     110.7494
     401     112.1677
     402     106.7236
     403     108.2122
     404     106.4488
     405     108.0165
     406     107.3624
     407     105.0573
     408     104.9463
     409     115.4029
     410     116.0561
     411     113.4151
     412     119.3206
     413     118.3797
     414     112.0250
     415     109.7074
     416     108.3149
     417     106.0295
     418     108.8642
     419     109.2163
     420     109.4314
     421     107.1705
     422     111.5664
     423     109.2372
     424     108.1441
     425     110.4946
     426     116.3151
     427     106.7437
     428     107.1372
     429     109.5239
     430     112.8860
     431     110.3854
     432     107.8657
     433     108.5491
     434     108.4972
     435     112.2905
     436     109.2719
     437     109.2172
     438     112.4575
     439     109.5788
     440     106.3957
     441     107.9156
     442     111.1989
     443     110.5741
     444     105.2238
     445     106.8773
     446     113.1556
     447     109.1896
     448     112.2796
     449     109.4528
     450     106.9007
     451     108.0247
     452     111.6292
     453     108.2114
     454     112.8583
     455     105.7641
     456     110.3203
     457     110.2026
     458     103.8806
     459     113.2802
     460     108.5101
     461     115.0383
     462     108.8214
     463     109.1000
     464     109.1695
     465     114.2620
     466     109.5048
     467     112.1765
     468     111.7899
     469     111.2848
     470     112.3443
     471     109.7193
     472     111.6322
     473     115.6241
     474     105.2676
     475     111.7154
     476     109.9323
     477     113.3134
     478     110.9506
     479     109.3379
     480     105.9326
     481     110.7224
     482     112.1802
     483     113.1689
     484     111.3957
     485     111.0253
     486     112.9609
     487     114.3014
     488     115.2413
     489     114.6534
     490     114.2051
     491     112.1101
     492     113.1803
     493     111.0996
     494     114.5262
     495     114.7919
     496     115.9773
     497     107.6145
     498     106.9818
     499     112.6180
     500     109.7009
     501     109.4667
     502     112.5077
     503     109.4048
     504     110.8431
     505     108.8072
     506     110.7457
     507     105.9734
     508     106.7089
     509     110.9668
     510     109.9473
     511     108.7836
     512     111.6908
     513     109.6084
     514     109.6836
     515     111.1685
     516     112.5174
     517     116.1428
     518     113.1589
     519     112.1843
     520     108.2374
     521     111.9724
     522     107.2307
     523     112.3666
     524     110.1867
     525     109.4137
     526     111.5561
     527     110.8217
     528     107.1259
     529     108.8971
     530     107.3113
     531     108.4444
     532     106.0099
     533     111.2498
     534     111.8884
     535     107.3154
     536     107.9521
     537     106.1417
     538     102.9086
     539      98.9643
     540     104.3470
     541     104.0027
     542     101.3525
     543     106.8219
     544     101.6119
     545     100.5899
     546     102.2439
     547     102.4370
     548     102.6180
     549      95.5843
     550     102.8085
     551     104.0444
     552     102.9638
     553     101.4385
     554     105.1237
     555     103.5324
     556     102.8927
     557     103.5905
     558     100.4461
     559     102.1108
     560      98.9495
     561     101.1550
     562     102.9994
     563     106.7445
     564     100.5143
     565     103.1208
     566     103.7415
     567     103.3153
     568     106.0444
     569     105.1864
     570     103.8773
     571     105.7869
     572     102.8804
     573     104.4414
     574     101.5136
     575     103.0462
     576     104.4764
     577     106.8257
     578     108.2697
     579     102.8177
     580     105.6497
     581     104.7184
     582     103.5821
     583      97.7910
     584     102.7729
     585     104.3590
     586     105.3458
     587     102.4173
     588     108.6046
     589     108.2979
     590     105.3636
     591     102.9364
     592     105.6456
     593     103.7796
     594     103.3583
     595     103.1579
     596     109.7714
     597      98.6194
     598     108.5537
     599     102.5755
     600     111.9297
     601     108.7582
     602     111.0869
     603     110.4555
     604     104.1087
     605     105.5181
     606     111.1416
     607     108.9266
     608     111.8565
     609     105.8499
     610     107.4025
     611     109.0180
     612     108.4655
     613     109.5406
     614     111.9884
     615     115.0503
     616     113.4738
     617     108.4171
     618     110.2880
     619     109.1717
     620     114.1524
     621     109.0682
     622     109.8868
     623     115.1764
     624     111.9390
     625     112.3227
     626     112.9781
     627     104.8863
     628     114.3434
     629     108.8975
     630     109.7331
     631     112.4458
     632     109.0138
     633     114.1431
     634     114.8032
     635     115.2070
     636     110.5455
     637     113.3116
     638     112.7810
     639     114.2703
     640     115.5257
     641     112.1120
     642     111.7378
     643     110.9742
     644     111.8445
     645     112.8342
     646     112.5726
     647     111.4738
     648     109.4538
     649     114.2108
     650     112.6817
     651     110.4781
     652     115.7737
     653     115.6731
     654     118.1135
     655     115.3034
     656     117.9139
     657     116.6770
     658     115.2733
     659     115.4086
     660     115.2776
     661     115.0623
     662     111.8867
     663     114.4898
     664     115.6937
     665     114.9927
     666     113.9530
     667     118.7480
     668     118.6134
     669     112.5979
     670     114.9278
     671     115.8806
     672     110.2104
     673     110.9730
     674     118.8970
     675     116.0679
     676     118.9174
     677     118.0242
     678     111.7371
     679     112.5079
     680     112.9102
     681     107.1328
     682     106.8506
     683     109.9510
     684     110.3335
     685     112.3931
     686     107.7281
     687     109.1080
     688     111.1691
     689     112.1853
     690     115.5449
     691     109.2691
     692     115.0163
     693     110.5802
     694     112.3550
     695     110.2727
     696     117.4208
     697     112.1024
     698     108.2391
     699     113.7413
     700     113.5679
     701     109.3233
     702     108.6017
     703     108.8425
     704     105.6312
     705     105.9303
     706     103.9086
     707     106.3591
     708     109.8296
     709     104.0680
     710     107.5691
     711     106.3467
     712     104.6668
     713     105.7531
     714     103.9468
     715     113.4146
     716     106.3793
     717     102.9699
     718     102.4699
     719     106.8630
     720     100.9664
     721     107.5448
     722     109.8768
     723     107.7013
     724     108.2524
     725     106.0967
     726     107.5272
     727     110.5234
     728     110.5743
     729     105.5081
     730     102.5671
     731     105.2292
     732     104.9663
     733     104.8469
     734     101.5636
     735     103.7708
     736     104.7785
     737     105.2505
     738     100.6954
     739      98.8002
     740     102.4084
     741     106.6185
     742     105.2697
     743     106.8599
     744     101.5936
     745     107.2563
     746     106.1823
     747     109.1051
     748     107.9652
     749     110.7453
     750     108.2047
     751     106.2448
     752     109.7418
     753     107.9391
     754     108.9058
     755     105.4810
     756     105.1256
     757     101.8854
     758     103.0618
     759     103.1910
     760     105.6616
     761     102.0689
     762     100.2497
     763     101.0320
     764     104.0108
     765     101.9318
     766     105.8918
     767     103.8226
     768     102.6300
     769     104.2211
     770     106.0133
     771     105.4790
     772     104.3980
     773     105.6820
     774     102.1882
     775      98.7704
     776     102.6871
     777     101.9888
     778     103.1086
     779      98.1060
     780     103.3896
     781     100.1651
     782     102.4503
     783      98.4406
     784     102.2774
     785      99.7083
     786     100.3180
     787      98.8238
     788     102.8920
     789     102.3563
     790     104.1104
     791     102.5969
     792     104.6773
     793     107.9859
     794     104.5660
     795     106.1746
     796     105.7188
     797     102.0041
     798     103.7198
     799     104.4056
     800     100.3022
     801      98.6911
     802     106.9332
     803     103.2339
     804     105.8561
     805     102.7651
     806     106.1887
     807     103.4415
     808     105.7011
     809     100.0824
     810     103.3263
     811     101.0253
     812     103.3378
     813     103.6543
     814     101.7658
     815     107.0562
     816     101.8235
     817     100.7366
     818     106.3812
     819     106.3276
     820     104.2538
     821     106.7067
     822     104.4455
     823     108.9487
     824     104.5986
     825     107.4979
     826     104.0691
     827     104.2610
     828     106.7776
     829     104.6986
     830     103.1751
     831     109.5364
     832     102.5819
     833     103.2869
     834     103.4689
     835      99.7720
     836     104.0261
     837     103.8950
     838      98.3725
     839     104.4397
     840     101.3646
     841     103.9854
     842     106.3199
     843     105.8920
     844     101.3525
     845     106.5467
     846     108.0253
     847     104.6141
     848     104.3344
     849     103.3451
     850     104.2477
     851     102.1608
     852     104.7166
     853     105.3988
     854     101.5248
     855     106.6565
     856      99.5695
     857     102.4431
     858     105.0706
     859     103.4046
     860     105.0326
     861     106.0686
     862     106.2598
     863     105.5222
     864     111.8480
     865     106.9216
     866     105.6507
     867     106.5331
     868     105.7227
     869     111.9398
     870     110.8130
     871     107.7518
     872     107.1419
     873     106.3702
     874     106.5366
     875     107.2642
     876     109.7184
     877     103.7318
     878     105.8060
     879     104.0186
     880     103.4536
     881     107.1022
     882     110.5402
     883     113.7290
     884     107.9789
     885     102.5471
     886     101.2351
     887     112.3906
     888     109.9077
     889     105.9450
     890     109.2638
     891     102.3407
     892     109.8332
     893     105.4118
     894     104.4185
     895     104.4682
     896     106.8242
     897     101.3353
     898     112.4084
     899     104.7787
     900     106.3107
     901     103.0485
     902     107.5855
     903     104.5357
     904     108.9855
     905     105.2097
     906     103.0410
     907     108.9944
     908     104.5315
     909     103.7755
     910     104.0694
     911     110.0601
     912     107.4294
     913     108.9251
     914     106.8831
     915     108.3128
     916     103.0418
     917     105.8802
     918     109.8405
     919     109.5476
     920     105.5824
     921     107.3175
     922     107.6525
     923     103.7696
     924     102.4003
     925     102.0426
     926      99.0543
     927     101.3645
     928     106.0741
     929     106.0149
     930     102.8692
     931     103.3846
     932     101.1975
     933     112.6532
     934     107.1943
     935     108.7529
     936     110.1874
     937     111.3537
     938     105.7274
     939     106.2417
     940     112.6108
     941     105.4581
     942     111.7999
     943     110.2147
     944     104.9721
     945      97.6133
     946     102.0828
     947     102.4144
     948     100.1453
     949     102.3844
     950     104.9484
     951     107.1175
     952     102.0195
     953     102.4837
     954     104.9909
     955     101.8632
     956     104.1647
     957     107.2177
     958     104.7418
     959     101.8396
     960     102.5053
     961     101.9885
     962      98.7149
     963     102.1850
     964     102.4886
     965     102.9718
     966     102.6683
     967     101.1940
     968     100.9738
     969     104.5737
     970     107.5519
     971     103.1388
     972      99.4363
     973      98.9470
     974     102.1982
     975     103.1717
     976     103.7150
     977     100.4484
     978      98.1740
     979     104.6561
     980     104.0576
     981     104.9958
     982     100.5273
     983     102.1807
     984     102.5965
     985     101.9618
     986     102.7664
     987     103.5526
     988     102.2261
     989     103.6095
     990     104.3293
     991     105.4811
     992     106.5407
     993     101.6932
     994     101.2277
     995     107.9201
     996     110.5421
     997     110.9036
     998     104.3752
     999     106.7966
    1000     110.0298
    1001     105.8437
    1002     109.0213
    1003     107.2454
    1004     109.1860
    1005     105.1996
    1006     107.8657
    1007     106.0276
    1008     107.6821
    1009     107.7908
    1010     102.7941
    1011     106.1833
    1012     105.7250
    1013     108.9938
    1014     105.2322
    1015     108.4798
    1016     106.9095
    1017     108.0869
    1018     102.7043
    1019     105.1430
    1020     108.7217
    1021     101.6747
    1022     105.2373
    1023     109.7583
    1024     108.4242
    1025     101.5117
    1026     101.6350
    1027     107.6646
    1028     103.4695
    1029     108.5945
    1030     101.4398
    1031     102.5184
    1032     102.4905
    1033     104.6199
    1034     105.4234
    1035     106.5829
    1036     108.8028
    1037     103.2827
    1038     104.4032
    1039     101.6236
    1040     103.1652
    1041      97.8319
    1042     101.4935
    1043     103.1103
    1044     108.0485
    1045     104.4519
    1046     104.6782
    1047     108.5720
    1048     110.0147
    1049     106.4316
    1050     109.3705
    1051     106.3827
    1052     111.4388
    1053     110.4295
    1054     106.6915
    1055     108.8583
    1056     104.7149
    1057     104.5821
    1058     106.8531
    1059     107.5980
    1060     106.5521
    1061     108.8484
    1062     106.3961
    1063     104.4029
    1064     106.7705
    1065     110.5632
    1066     107.1963
    1067     109.4952
    1068     108.1388
    1069     105.6899
    1070     104.0512
    1071     104.0666
    1072     102.5349
    1073     108.3237
    1074     107.7077
    1075     102.6887
    1076     104.5453
    1077     102.3845
    1078     106.3043
    1079     107.3981
    1080     100.2438
    1081     103.6419
    1082     106.4634
    1083      99.4434
    1084     102.4741
    1085     108.2486
    1086     108.0363
    1087     104.8725
    1088     109.9471
    1089     110.7834
    1090     105.5577
    1091     106.2024
    1092     107.1613
    1093     105.7542
    1094     112.8095
    1095     112.0010
    1096     103.9453
    1097      99.2712
    1098     105.0756
    1099     107.9064
    1100     107.6234
    1101     102.8068
    1102     100.0883
    1103     107.2400
    1104     105.2119
    1105     106.4226
    1106     104.6216
    1107     104.7934
    1108     104.2412
    1109     105.7656
    1110     105.9219
    1111     106.4804
    1112     104.8052
    1113     103.7861
    1114     101.1793
    1115     107.0983
    1116     106.1814
    1117     103.7761
    1118     102.6983
    1119     107.6115
    1120     102.6702
    1121     105.1513
    1122     106.7984
    1123     103.1467
    1124     101.9353
    1125     101.9606
    1126     107.0697
    1127     108.8496
    1128     103.0037
    1129     104.3595
    1130     104.1100
    1131     106.8687
    1132     100.0489
    1133     103.2081
    1134     105.3179
    1135     103.9144
    1136     104.3200
    1137     101.7716
    1138     105.2850
    1139     105.9713
    1140     101.4752
    1141     102.2609
    1142     100.7451
    1143     100.1228
    1144     103.0057
    1145     102.1589
    1146     104.5234
    1147     108.0554
    1148      99.0474
    1149     100.0990
    1150     101.5086
    1151     103.6918
    1152     102.8772
    1153     100.6896
    1154     101.0235
    1155     104.4544
    1156     104.3020
    1157     105.2707
    1158     101.2222
    1159      99.4820
    1160     102.4090
    1161     102.0882
    1162     100.3336
    1163      99.2633
    1164      99.3920
    1165     100.1028
    1166     100.8847
    1167      97.8669
    1168      99.2388
    1169     101.3035
    1170      98.6353
    1171      98.5542
    1172      95.8805
    1173     103.0453
    1174     104.4325
    1175     106.8858
    1176     103.6556
    1177     101.7084
    1178     105.4701
    1179     100.7759
    1180     100.8691
    1181      97.5675
    1182     102.5769
    1183     100.5918
    1184     103.7839
    1185     107.2224
    1186     102.9236
    1187     102.5570
    1188     105.3407
    1189     104.3911
    1190     101.2298
    1191     102.8394
    1192     103.3944
    1193     106.0513
    1194     101.2502
    1195     102.0243
    1196     103.6727
    1197     105.9196
    1198     105.3910
    1199     110.4743
    1200     104.6443
    1201     100.1943
    1202     101.3485
    1203     100.9777
    1204      99.5151
    1205     103.1770
    1206     108.4060
    1207     105.5968
    1208     109.5529
    1209     101.4321
    1210     103.6228
    1211     105.2520
    1212     105.7747
    1213     105.2467
    1214      99.4525
    1215     101.8573
    1216     105.2367
    1217      99.7818
    1218     103.6607
    1219     106.9420
    1220     108.5115
    1221     107.9008
    1222     106.6963
    1223     103.8813
    1224     107.3018
    1225     111.5780
    1226     103.0405
    1227     104.4239
    1228     107.3119
    1229     102.3953
    1230     105.7144
    1231      97.5403
    1232     102.4053
    1233     107.0982
    1234     105.3452
    1235     101.6550
    1236     107.9971
    1237     106.7080
    1238     104.5918
    1239     103.0312
    1240     103.6230
    1241      99.9364
    1242     100.0147
    1243     101.7417
    1244     104.6846
    1245     101.2530
    1246     101.6995
    1247     107.8447
    1248     104.4933
    1249     100.8827
    1250     103.2095
    1251     101.1220
    1252     101.3470
    1253     103.8722
    1254     103.7501
    1255      99.5887
    1256     106.3767
    1257     108.7382
    1258     103.0230
    1259     104.0523
    1260     102.5962
    1261     104.4786
    1262     103.6526
    1263     104.0259
    1264     101.9058
    1265     101.9522
    1266     103.3686
    1267      97.8123
    1268     102.3260
    1269     101.2804
    1270     102.8561
    1271      99.9777
    1272     102.9578
    1273      98.5074
    1274      99.5015
    1275     101.4902
    1276     103.7250
    1277      98.9342
    1278      95.8550
    1279     104.6772
    1280     105.1759
    1281     101.6671
    1282     103.7900
    1283     101.1110
    1284     102.6881
    1285      99.2283
    1286     105.6243
    1287     102.6535
    1288     104.7903
    1289     101.2117
    1290     102.3255
    1291     104.5051
    1292     105.1814
    1293     100.6703
    1294     100.4807
    1295     103.0009
    1296     102.4447
    1297     102.8474
    1298     102.2483
    1299     104.7474
    1300     100.6088
    1301     100.9561
    1302      96.3366
    1303      99.2548
    1304     100.0110
    1305     100.6019
    1306      97.5824
    1307      99.1689
    1308      98.5650
    1309     107.3002
    1310     105.3945
    1311     102.6951
    1312     102.2914
    1313     103.3985
    1314      98.9315
    1315     100.6830
    1316     102.1408
    1317     105.0815
    1318     102.1221
    1319     101.4266
    1320     103.9807
    1321     108.8500
    1322     104.7480
    1323     100.5413
    1324     102.8024
    1325     103.0747
    1326     105.2517
    1327     102.8069
    1328     105.2653
    1329     105.0541
    1330     104.0524
    1331     108.6587
    1332     103.9852
    1333     108.3835
    1334     104.4092
    1335     105.6251
    1336     106.3202
    1337     103.9899
    1338     109.1935
    1339     111.0490
    1340     109.2542
    1341     113.1217
    1342     112.1432
    1343     117.5369
    1344     111.9548
    1345     111.3102
    1346     111.6482
    1347     106.3330
    1348     111.0677
    1349     116.1376
    1350     110.4761
    1351     112.1041
    1352     113.1592
    1353     112.3396
    1354     109.8905
    1355     107.4621
    1356     107.7888
    1357     109.0498
    1358     104.2556
    1359     108.5288
    1360     103.2596
    1361     104.8284
    1362     108.1977
    1363     105.6471
    1364     103.4688
    1365     106.3315
    1366     104.1271
    1367     107.4264
    1368     106.9106
    1369     105.0890
    1370     105.2109
    1371      99.6381
    1372     101.9430
    1373     106.7844
    1374     105.6411
    1375     102.9853
    1376      99.9295
    1377     102.6039
    1378     101.2012
    1379      97.6032
    1380     106.1974
    1381     104.8925
    1382     106.1854
    1383     102.3745
    1384     102.6566
    1385     101.6948
    1386     105.6195
    1387     110.7704
    1388     104.3060
    1389     101.6175
    1390     108.2997
    1391     107.9009
    1392     109.2175
    1393     107.2138
    1394     109.8100
    1395     110.0843
    1396     106.9113
    1397     111.6206
    1398     108.6877
    1399     110.5345
    1400     111.3099
    1401     113.2161
    1402     114.0197
    1403     110.2135
    1404     117.1176
    1405     114.7944
    1406     106.5196
    1407     107.9320
    1408     106.0710
    1409     108.2184
    1410     108.2053
    1411     104.5924
    1412     105.9926
    1413     101.9767
    1414     105.1481
    1415     110.0409
    1416     103.2280
    1417     107.0423
    1418     103.8984
    1419     106.2866
    1420     106.5191
    1421     110.3421
    1422     109.4884
    1423     106.4075
    1424     104.5378
    1425     106.8284
    1426     109.7507
    1427     106.6948
    1428     106.0617
    1429     107.6679
    1430     104.3516
    1431     105.4828
    1432     101.7921
    1433     106.5786
    1434      99.5440
    1435     105.2403
    1436     105.7167
    1437     101.2276
    1438     102.8706
    1439      98.9693
    1440     102.3743
    1441      99.0672
    1442     103.9128
    1443      99.0781
    1444     106.9624
    1445     105.6066
    1446     102.3559
    1447     107.3928
    1448     104.7082
    1449     106.7524
    1450     101.4697
    1451     106.3659
    1452     103.2799
    1453     109.3039
    1454     106.6453
    1455     105.1160
    1456     101.1693
    1457     106.7403
    1458     107.7340
    1459     105.9978
    1460     102.9815
    1461     104.6442
    1462     105.2585
    1463     102.5353
    1464     101.4489
    1465     102.2554
    1466     104.6325
    1467     104.7802
    1468     108.0364
    1469     102.2614
    1470      99.7812
    1471     102.9873
    1472     102.4883
    1473      99.8888
    1474     107.3043
    1475     103.1667
    1476     100.7250
    1477     101.8336
    1478      97.9552
    1479     102.0438
    1480     102.0886
    1481     102.8406
    1482     103.5092
    1483     101.4700
    1484     101.5749
    1485     102.3077
    1486     101.7720
    1487     101.8827
    1488     102.7545
    1489     105.9986
    1490     104.3856
    1491     106.7111
    1492     103.5187
    1493     107.3924
    1494     105.2721
    1495     103.3918
    1496     105.1028
    1497     103.6334
    1498     104.7087
    1499     107.5283
    1500     102.3891
    1501     108.3268
    1502     109.4825
    1503     103.0031
    1504     103.3490
    1505     105.3138
    1506     104.8199
    1507     108.0254
    1508     109.9724
    1509     103.6161
    1510     108.9204
    1511     101.7871
    1512     105.1911
    1513     106.4471
    1514     101.0484
    1515     105.5775
    1516     103.4180
    1517     107.0909
    1518     106.6492
    1519     107.6039
    1520     105.2739
    1521     102.3001
    1522     101.9144
    1523     101.7682
    1524      96.6639
    1525     103.7754
    1526      98.3854
    1527     101.4151
    1528     103.1713
    1529     102.6825
    1530     106.3578
    1531     110.5217
    1532     104.8321
    1533     107.4275
    1534     107.4714
    1535     107.5783
    1536     104.9786
    1537     109.5904
    1538     102.1143
    1539      99.8373
    1540     107.1881
    1541     107.2161
    1542     110.2342
    1543     106.0077
    1544     108.2543
    1545     108.7915
    1546     110.1175
    1547     106.7258
    1548     106.1243
    1549     102.0352
    1550     104.8321
    1551     101.1078
    1552     104.2522
    1553     105.6210
    1554     103.3700
    1555     106.6783
    1556     107.1741
    1557     105.0502
    1558     107.5863
    1559     109.3164
    1560     109.6758
    1561     110.3742
    1562     105.6765
    1563     105.9048
    1564     109.0352
    1565     110.0866
    1566     105.6179
    1567     112.6725
    1568     109.1578
    1569     105.0114
    1570     103.3426
    1571     110.1582
    1572     101.4218
    1573     103.3789
    1574     102.4331
    1575     108.5803
    1576     113.0655
    1577     111.7679
    1578     111.2795
    1579     113.8647
    1580     115.0786
    1581     103.3712
    1582     106.3746
    1583     109.0104
    1584     106.9493
    1585     105.9596
    1586     104.6740
    1587     109.7764
    1588     102.3770
    1589     105.0800
    1590      99.5177
    1591     103.9187
    1592     101.7288
    1593     103.4914
    1594     104.8060
    1595     104.0952
    1596     108.7381
    1597     109.3288
    1598     104.5100
    1599     106.2625
    1600     105.8352
    1601     104.9246
    1602     108.6546
    1603     105.3423
    1604     104.1262
    1605     109.4125
    1606     104.8237
    1607     104.9497
    1608     106.8037
    1609     100.2563
    1610     107.3965
    1611     106.6874
    1612     101.3123
    1613     101.3881
    1614     106.7827
    1615     102.5133
    1616     103.4989
    1617     106.9484
    1618     105.8203
    1619     108.3325
    1620     108.5914
    1621     108.9460
    1622     108.8689
    1623     107.1101
    1624     110.4363
    1625     109.1511
    1626     104.7145
    1627     106.3705
    1628     111.0532
    1629      99.8656
    1630     101.0853
    1631     101.4864
    1632     103.9885
    1633     103.6636
    1634     104.0263
    1635     100.6541
    1636     103.6059
    1637     100.4239
    1638      98.4871
    1639     106.9834
    1640     102.8780
    1641     105.8758
    1642     107.9069
    1643     108.0428
    1644     101.2050
    1645     104.1487
    1646     103.2505
    1647     103.6904
    1648     104.0411
    1649     104.7876
    1650     103.0103
    1651     105.4032
    1652     103.1176
    1653     103.9877
    1654     101.9124
    1655     102.1661
    1656     106.9178
    1657     101.9252
    1658     104.6301
    1659      99.9385
    1660     107.7963
    1661     103.0097
    1662     105.6059
    1663     109.2997
    1664     104.9630
    1665     102.5745
    1666     104.7894
    1667     103.9254
    1668     104.2497
    1669      99.4525
    1670     103.3445
    1671     103.8424
    1672     104.4203
    1673     101.3187
    1674     101.8186
    1675     103.9872
    1676     101.6424
    1677     100.1655
    1678     100.7515
    1679     102.5519
    1680     103.8040
    1681     103.5954
    1682     105.5791
    1683      99.4510
    1684      98.1845
    1685     102.0235
    1686     100.8316
    1687     102.5484
    1688     103.8013
    1689     103.4028
    1690     100.7914
    1691     103.2558
    1692      98.4975
    1693     100.9445
    1694     100.9575
    1695     101.5757
    1696     106.3280
    1697     105.1768
    1698     106.9463
    1699     109.8660
    1700     105.2787
    1701     107.1880
    1702     106.1323
    1703     102.0662
    1704     109.6000
    1705     105.4661
    1706     104.5176
    1707     103.1574
    1708     102.1893
    1709      96.9857
    1710     105.6994
    1711     100.0326
    1712     102.8726
    1713      97.8581
    1714     101.6451
    1715     100.7854
    1716     100.5266
    1717     103.2582
    1718     100.7906
    1719     105.1981
    1720     100.7493
    1721     100.5935
    1722     103.1807
    1723      99.8513
    1724     108.4105
    1725     102.1479
    1726     101.3686
    1727     101.5945
    1728     103.7121
    1729     104.1320
    1730     104.7814
    1731     103.4436
    1732     105.3214
    1733     103.4633
    1734     106.1639
    1735     111.3789
    1736     106.7595
    1737     106.4678
    1738     105.5916
    1739     103.7841
    1740     109.3281
    1741     109.4578
    1742     104.9267
    1743     105.9326
    1744     109.7603
    1745     107.5005
    1746     104.6034
    1747     107.1952
    1748     104.5863
    1749     109.3141
    1750     111.9660
    1751     106.1661
    1752     106.9483
    1753     102.7273
    1754     110.4525
    1755     108.9302
    1756     110.7947
    1757     110.7416
    1758     109.9613
    1759     106.4371
    1760     105.0889
    1761     103.6707
    1762     103.7260
    1763      99.8810
    1764     102.4785
    1765      98.9889
    1766     102.1450
    1767      99.6620
    1768     105.8336
    1769     101.3445
    1770     104.1671
    1771     106.3397
    1772     102.5669
    1773     100.6095
    1774     106.5103
    1775     104.2797
    1776      97.3623
    1777     102.5396
    1778      99.8939
    1779     102.2896
    1780     100.5551
    1781     103.6185
    1782     102.8749
    1783      97.9069
    1784     107.7357
    1785     101.8863
    1786     105.1936
    1787     108.2760
    1788     103.1087
    1789     106.6626
    1790     105.9501
    1791     112.8739
    1792     113.8749
    1793     113.0285
    1794     110.6643
    1795     107.5373
    1796     113.6974
    1797     108.1180
    1798     109.3586
    1799     113.0374
    1800     112.4095
    1801     103.1637
    1802      99.8596
    1803     107.5890
    1804     108.9263
    1805     107.6140
    1806     106.0306
    1807     102.7795
    1808     108.2739
    1809     105.0210
    1810     105.7248
    1811     107.2830
    1812     104.1903
    1813      97.2336
    1814     106.0518
    1815     104.5173
    1816     102.8991
    1817     106.1164
    1818     100.7849
    1819     103.2228
    1820     104.0878
    1821     104.4251
    1822     103.1225
    1823     107.6298
    1824     101.9185
    1825     103.0163
    1826     105.0226
    1827     106.9459
    1828     104.8749
    1829     104.8197
    1830     104.3918
    1831     105.9515
    1832     106.2368
    1833     104.0072
    1834     100.3581
    1835     109.3508
    1836     109.1566
    1837     107.9889
    1838     105.1497
    1839     102.3811
    1840     104.2253
    1841      99.8555
    1842     102.0579
    1843     105.3164
    1844     105.6804
    1845     103.2812
    1846     102.7343
    1847     112.0547
    1848     107.1812
    1849     110.7897
    1850     108.0316
    1851     108.6433
    1852     110.8596
    1853     106.9449
    1854     107.9467
    1855     110.0461
    1856     105.8565
    1857     112.9693
    1858     106.7774
    1859     109.8696
    1860     106.3638
    1861     112.3104
    1862     112.7563
    1863     105.1711
    1864     106.9188
    1865     111.4821
    1866     105.6304
    1867     106.8779
    1868     108.0213
    1869     112.6110
    1870     108.7908
    1871     110.0294
    1872     108.8982
    1873     102.2983
    1874     106.6863
    1875     105.6521
    1876     106.2350
    1877     104.9665
    1878     105.1372
    1879     107.2699
    1880     110.7811
    1881     106.9688
    1882     112.6767
    1883     107.9179
    1884     106.2042
    1885     108.7236
    1886     106.2480
    1887     108.6764
    1888     106.6749
    1889     104.1953
    1890     109.5294
    1891     102.9118
    1892     101.2181
    1893     104.9481
    1894     106.6493
    1895     109.8564
    1896     106.6065
    1897     105.4559
    1898     107.0982
    1899     105.1756
    1900     110.6749
    1901     105.6740
    1902     102.9520
    1903     105.4644
    1904     104.7113
    1905     110.0894
    1906     103.4446
    1907     107.1156
    1908     108.1523
    1909     106.2955
    1910     107.4825
    1911     102.8649
    1912     100.1449
    1913     105.4103
    1914     102.8310
    1915     102.4157
    1916     105.1181
    1917     100.8898
    1918      98.8500
    1919     104.7986
    1920      99.1467
    1921     102.9454
    1922     100.2855
    1923     102.6956
    1924     108.3538
    1925     104.0284
    1926     104.9521
    1927     101.5480
    1928     101.4958
    1929     106.3142
    1930     106.9347
    1931     105.6072
    1932     104.9664
    1933     106.4672
    1934     106.2339
    1935     110.2611
    1936     108.5534
    1937     115.3303
    1938     115.8068
    1939     116.0638
    1940     112.5405
    1941     112.0496
    1942     106.0099
    1943     111.1607
    1944     111.1860
    1945     107.3977
    1946     113.3417
    1947     116.5003
    1948     116.2401
    1949     115.0417
    1950     112.5432
    1951     111.9996
    1952     108.7879
    1953     111.1652
    1954     112.7171
    1955     113.2445
    1956     109.6916
    1957     109.2470
    1958     109.1199
    1959     109.6429
    1960     111.0771
    1961     108.7416
    1962     110.4378
    1963     111.4023
    1964     109.6488
    1965     110.4308
    1966     107.0271
    1967     109.7455
    1968     108.8332
    1969     107.9174
    1970     106.9145
    1971     107.9481
    1972     105.9014
    1973     107.7333
    1974     114.4086
    1975     107.8126
    1976     107.5746
    1977     111.0227
    1978     110.8682
    1979     112.1607
    1980     112.6159
    1981     107.6254
    1982     106.3860
    1983     107.6973
    1984     110.3289
    1985     107.8669
    1986     109.1124
    1987     109.4079
    1988     106.5891
    1989     111.2087
    1990     106.0980
    1991     105.7538
    1992     106.3536
    1993     109.2151
    1994     107.9375
    1995     107.8089
    1996     109.7703
    1997     107.5631
    1998     107.7078
    1999     106.3743
    2000     111.3186
    2001     108.0022
    2002     103.3651
    2003     106.7152
    2004     104.3785
    2005     108.6676
    2006     109.1533
    2007     104.1973
    2008     109.6399
    2009     108.4112
    2010     108.3654
    2011     108.5481
    2012     107.8240
    2013     107.3383
    2014     106.8148
    2015     107.8157
    2016     104.7579
    2017     113.1212
    2018     108.1133
    2019     106.6050
    2020     111.8627
    2021     107.0476
    2022     112.7985
    2023     111.7913
    2024     111.3512
    2025     112.3575
    2026     111.5722
    2027     109.1770
    2028     109.7838
    2029     107.3169
    2030     109.1906
    2031     108.3001
    2032     110.8007
    2033     106.8308
    2034     109.1924
    2035     107.2277
    2036     108.5110
    2037     108.3700
    2038     112.1672
    2039     107.8560
    2040     105.9743
    2041     105.2786
    2042     108.6632
    2043     103.7877
    2044     106.0405
    2045     108.0883
    2046     104.6684
    2047     103.5924
    2048     103.1308
    2049     103.8796
    2050     105.7101
    2051     104.8804
    2052     102.2297
    2053     107.2614
    2054     105.6289
    2055     103.0982
    2056     104.8949
    2057     102.8188
    2058     108.7668
    2059     109.9296
    2060     105.7344
    2061     106.0045
    2062     102.7390
    2063     100.0057
    2064     105.7103
    2065      99.3779
    2066     102.3651
    2067     109.3415
    2068     103.3602
    2069     103.1174
    2070     100.2766
    2071     100.7617
    2072     101.7928
    2073     103.9092
    2074     103.1763
    2075     106.2849
    2076     103.8248
    2077     104.5256
    2078     104.1194
    2079     101.8791
    2080     106.2250
    2081     107.3690
    2082     106.4134
    2083     105.1211
    2084     113.4014
    2085     111.2636
    2086     108.7202
    2087     112.3301
    2088     111.4084
    2089     109.5055
    2090     110.0758
    2091     110.2799
    2092     113.5342
    2093     110.6589
    2094     113.4609
    2095     108.7301
    2096     105.4705
    2097     108.6124
    2098     108.0699
    2099     107.3616
    2100     105.8596
    2101     109.0664
    2102     108.7332
    2103     109.1307
    2104     106.8894
    2105     106.6158
    2106     105.2440
    2107     105.5438
    2108     105.5248
    2109     105.1512
    2110     100.0826
    2111     107.1192
    2112     105.6020
    2113     109.4461
    2114     102.2205
    2115     104.5096
    2116     105.0787
    2117     102.8067
    2118     107.7123
    2119     106.9367
    2120     105.7878
    2121     107.6735
    2122     102.5124
    2123     101.6357
    2124     107.3055
    2125     103.3245
    2126     108.1277
    2127     104.2344
    2128     103.6318
    2129     109.7353
    2130     110.0606
    2131     109.9861
    2132     110.9552
    2133     111.6716
    2134     110.9093
    2135     110.5415
    2136     109.6973
    2137     110.7686
    2138     105.0461
    2139     110.5355
    2140     108.8740
    2141     109.2658
    2142     108.8002
    2143     114.6758
    2144     111.7298
    2145     107.4202
    2146     109.9690
    2147     106.3176
    2148     109.7666
    2149     104.4686
    2150     110.4765
    2151     105.2585
    2152     108.5367
    2153     106.2382
    2154     103.9699
    2155     106.3601
    2156     106.8100
    2157     107.6430
    2158     105.4381
    2159     106.4269
    2160     107.1093
    2161     109.2103
    2162     107.1361
    2163     106.0436
    2164     106.4480
    2165     110.1084
    2166     108.7473
    2167     113.3980
    2168     111.7724
    2169     113.4207
    2170     112.7336
    2171     111.8237
    2172     107.4818
    2173     110.7632
    2174     107.9288
    2175     109.1197
    2176     108.3734
    2177     109.0003
    2178     110.6826
    2179     110.6339
    2180     109.0792
    2181     107.6788
    2182     107.7043
    2183     110.6535
    2184     109.7264
    2185     108.5834
    2186     108.0379
    2187     107.9676
    2188     104.2300
    2189     106.1788
    2190     105.4999
    2191     108.7713
    2192     106.7021
    2193     108.4188
    2194     103.6411
    2195     106.0695
    2196     109.1133
    2197     112.1602
    2198     106.9381
    2199     108.4093
    2200     108.2134
    2201     107.8745
    2202     109.4648
    2203     106.5273
    2204     109.7256
    2205     109.4423
    2206     111.1760
    2207     103.3856
    2208     107.8825
    2209     104.9337
    2210     106.1013
    2211     105.9350
    2212     103.6699
    2213     104.8812
    2214     105.2485
    2215     102.5912
    2216     110.5858
    2217     102.9865
    2218     105.3751
    2219     101.6330
    2220     105.7409
    2221     103.1865
    2222      97.6796
    2223     100.2640
    2224     109.6733
    2225     107.1603
    2226     106.4793
    2227     101.6503
    2228     106.0482
    2229     103.2030
    2230     105.2253
    2231     103.2315
    2232     105.3177
    2233     104.2818
    2234     105.5672
    2235     107.5707
    2236     105.0966
    2237     105.4554
    2238     102.6067
    2239     102.3102
    2240     103.6540
    2241     107.1230
    2242     106.6375
    2243     102.3768
    2244     105.7284
    2245     103.6072
    2246     106.1945
    2247     109.3970
    2248     106.5485
    2249     104.6172
    2250     106.9740
    2251     104.8283
