#Frame         angle1
       1     112.1698
       2     112.5813
       3     110.0475
       4     111.9960
       5     108.9638
       6     109.4408
       7     109.3403
       8     107.8789
       9     110.2651
      10     107.3183
      11     109.4300
      12     108.7204
      13     108.1206
      14     101.7794
      15     107.1115
      16     104.4124
      17     104.8240
      18     106.9907
      19     106.7973
      20     106.1057
      21     100.6409
      22     105.8490
      23     107.6318
      24     110.1228
      25     106.4168
      26     116.2189
      27     106.7128
      28     109.3764
      29     108.1802
      30     107.5379
      31     105.7602
      32     109.6599
      33     108.1066
      34     106.5477
      35     108.7598
      36     107.9482
      37     103.1410
      38     109.3825
      39     103.2134
      40     106.5802
      41     106.7347
      42     105.8943
      43     111.1130
      44     103.8779
      45     107.0586
      46     105.0043
      47     106.4600
      48     105.0975
      49     104.7269
      50     105.1048
      51     105.4231
      52     102.7763
      53     107.3682
      54     102.0776
      55     107.1177
      56     105.0747
      57     105.3195
      58     105.1290
      59     107.6694
      60     106.3019
      61     108.4602
      62     108.6901
      63     110.0535
      64     108.6080
      65     106.7931
      66     112.3912
      67     108.8714
      68     105.6679
      69     107.4142
      70     104.9797
      71     109.0989
      72     107.4496
      73     103.1288
      74     107.7284
      75     108.2741
      76     113.2866
      77     108.7082
      78     107.7427
      79     106.8449
      80     106.7118
      81     108.0167
      82     107.8468
      83     107.5275
      84     107.1784
      85     106.0546
      86     107.6904
      87     104.9160
      88     106.7880
      89     103.0279
      90     107.4089
      91     106.4071
      92     106.9348
      93     106.9216
      94     107.0736
      95     111.7287
      96     107.5511
      97     104.4165
      98     106.2543
      99     106.5990
     100     103.7302
     101     107.1804
     102     107.7251
     103     106.2708
     104     108.8043
     105     110.1670
     106     107.5703
     107     104.4294
     108     111.2701
     109     109.8553
     110     111.2231
     111     103.9221
     112     105.8380
     113     102.3622
     114     102.6681
     115     111.2764
     116     112.8494
     117     120.9931
     118     108.4110
     119     109.2851
     120     106.6171
     121     109.7385
     122     108.0767
     123     111.8046
     124     111.5146
     125     112.0936
     126     109.4894
     127     104.7669
     128     115.1466
     129     114.7248
     130     112.2954
     131     106.4380
     132     113.3226
     133     112.0869
     134     114.8479
     135     109.4106
     136     111.4265
     137     111.7832
     138     112.5307
     139     108.4548
     140     111.6301
     141     106.3064
     142     106.0977
     143     113.7680
     144     108.3412
     145     109.7884
     146     110.3363
     147     107.5447
     148     107.3527
     149     109.1505
     150     107.6832
     151     102.7811
     152     108.2795
     153     108.7620
     154     107.2373
     155     108.5992
     156     113.2382
     157     110.2434
     158     111.5881
     159     111.9595
     160     115.5168
     161     118.0312
     162     118.3308
     163     122.2171
     164     119.5235
     165     122.8926
     166     121.7735
     167     122.6068
     168     123.4513
     169     124.3582
     170     121.4003
     171     125.3701
     172     127.6286
     173     125.2546
     174     126.8493
     175     128.5290
     176     123.3310
     177     120.7543
     178     118.0798
     179     119.0542
     180     114.2943
     181     123.3406
     182     116.3635
     183     118.5895
     184     120.1078
     185     106.7401
     186     107.7290
     187     110.0934
     188     113.3191
     189     116.4927
     190     117.8288
     191     119.1933
     192     117.1807
     193     104.6872
     194     107.8834
     195     111.7906
     196     110.9334
     197     109.4126
     198     109.7525
     199     110.6779
     200     115.4411
     201     110.8061
     202     117.0878
     203     114.9736
     204     111.2432
     205     108.0621
     206     110.2013
     207     112.1700
     208     108.7399
     209     108.1393
     210     108.2521
     211     105.9932
     212     106.7072
     213     106.8368
     214     112.1818
     215     109.2949
     216     107.2832
     217     111.2836
     218     111.7852
     219     105.6672
     220     112.5442
     221     104.4941
     222     105.1481
     223     107.8440
     224     108.9250
     225     109.5894
     226     108.3771
     227     111.5982
     228     106.8687
     229     105.1701
     230     107.1042
     231     103.7140
     232     107.2500
     233     106.8923
     234     104.7573
     235     107.2917
     236     106.6753
     237     112.2518
     238     108.9317
     239     107.7009
     240     108.2609
     241     107.3817
     242     107.1372
     243     110.1072
     244     104.6010
     245     105.0126
     246     110.3631
     247     110.0710
     248     103.1308
     249     105.1551
     250     106.2495
     251     109.1339
     252     106.2537
     253     105.9803
     254     108.9946
     255     104.5218
     256     105.1926
     257     108.1534
     258     103.6564
     259     107.8729
     260     106.9640
     261     102.8346
     262     107.5092
     263     102.5774
     264     107.7592
     265     100.7231
     266     106.2580
     267     107.1713
     268     108.7585
     269     104.5372
     270     107.0238
     271     107.6889
     272     109.5191
     273     106.0979
     274     104.7171
     275     107.0759
     276     106.4833
     277     106.6403
     278     105.5276
     279     106.4483
     280     100.9562
     281     103.4514
     282     106.2221
     283     104.7072
     284     105.6898
     285     108.8023
     286     110.7525
     287     114.3961
     288     118.0848
     289     112.3484
     290     114.9779
     291     113.3563
     292     114.0920
     293     109.0061
     294     107.4022
     295     116.5170
     296     114.0139
     297     114.1027
     298     108.8517
     299     107.8613
     300     106.9130
     301     107.3939
     302     110.1979
     303     105.2456
     304     106.9008
     305     105.7598
     306     106.9173
     307     104.6654
     308     104.0700
     309     105.0799
     310     110.6854
     311     109.5250
     312     114.5489
     313     110.7382
     314     107.2570
     315     106.3061
     316     109.3365
     317     105.6709
     318     105.9628
     319     108.2892
     320     111.2200
     321     106.1906
     322     110.3486
     323     106.8012
     324     107.9400
     325     108.7783
     326     112.2766
     327     110.6955
     328     110.5644
     329     108.5824
     330     108.0862
     331     110.0385
     332     111.8140
     333     109.1999
     334     105.3601
     335     112.7999
     336     104.4539
     337     103.3719
     338     106.2495
     339     104.9905
     340     106.9767
     341     107.2650
     342     107.5000
     343     109.6299
     344     105.8050
     345     103.9749
     346     110.0351
     347     105.2995
     348     104.6206
     349     111.2441
     350     107.2170
     351     107.0706
     352     108.4451
     353     111.0400
     354     109.0868
     355     112.1516
     356     106.8733
     357     112.1081
     358     109.9636
     359     109.4972
     360     110.5485
     361     107.3852
     362     105.0858
     363     102.1012
     364     110.4298
     365     106.7193
     366     110.6851
     367     107.2589
     368     107.7655
     369     106.6285
     370     110.3653
     371     105.1815
     372     109.7362
     373     110.5527
     374     111.0859
     375     112.1436
     376     111.4161
     377     107.2290
     378     114.0556
     379     113.4978
     380     117.6280
     381     111.3688
     382     114.9384
     383     110.5322
     384     110.8217
     385     112.0760
     386     111.7389
     387     112.1533
     388     110.4532
     389     103.8446
     390     105.9802
     391     107.4475
     392     110.3017
     393     110.2587
     394     108.9308
     395     110.6499
     396     111.3797
     397     111.9533
     398     111.8509
     399     109.5469
     400     111.8162
     401     107.2870
     402     108.5050
     403     108.1107
     404     107.4715
     405     114.0547
     406     113.4084
     407     115.2723
     408     110.8816
     409     110.2063
     410     112.4430
     411     113.9529
     412     110.0503
     413     115.6351
     414     114.3600
     415     111.2103
     416     112.5690
     417     112.3901
     418     112.1415
     419     108.9337
     420     111.1314
     421     107.1833
     422     110.2755
     423     107.9878
     424     112.8438
     425     104.0243
     426     107.3803
     427     105.3418
     428     103.0807
     429     113.7487
     430     114.7347
     431     103.2695
     432     110.2607
     433     104.3322
     434     108.5407
     435     104.9735
     436     108.5053
     437     107.7787
     438     102.9795
     439     106.8016
     440     109.0514
     441     105.7768
     442     108.9536
     443     104.3034
     444     105.3619
     445     107.3966
     446     103.8932
     447     103.6284
     448     102.4431
     449     104.6477
     450     105.0953
     451     107.5772
     452     107.4426
     453     110.7599
     454     111.5967
     455     106.1452
     456     104.6591
     457     107.4485
     458     111.2864
     459     106.9822
     460     107.3130
     461     104.1083
     462     111.4897
     463     112.0623
     464     107.1015
     465     105.4702
     466     111.6784
     467     109.3401
     468     107.6891
     469     104.4203
     470     110.0291
     471     111.1242
     472     106.4374
     473     111.9396
     474     106.3813
     475     106.5587
     476     104.6848
     477     109.5738
     478     109.3463
     479     107.5684
     480     107.8828
     481     108.3087
     482     107.9913
     483     106.1497
     484     106.8604
     485     110.8245
     486     108.9874
     487     102.6287
     488     104.1673
     489     107.1054
     490     104.3515
     491     106.8617
     492     103.3354
     493     106.6014
     494     106.3106
     495     106.4347
     496     107.9435
     497     105.8270
     498     105.6380
     499     103.8671
     500     105.7743
     501     105.4098
     502     107.8673
     503     106.5950
     504     110.6059
     505     107.2333
     506     106.7263
     507     107.0727
     508     108.7136
     509     107.0665
     510     105.6033
     511     105.3035
     512     101.2417
     513     104.9134
     514     106.0432
     515     108.9285
     516     106.3492
     517     105.0530
     518     108.0281
     519     105.5686
     520     105.8909
     521     105.7464
     522     109.9187
     523     112.1643
     524     110.7885
     525     106.0802
     526     104.4868
     527     108.6222
     528     104.4759
     529     103.4563
     530     106.9276
     531     106.9177
     532     101.8788
     533     108.5166
     534     107.0080
     535     109.4800
     536     107.8347
     537     109.5752
     538     105.9177
     539     106.2907
     540     101.6928
     541     103.2690
     542     106.0752
     543     105.8451
     544     103.9840
     545     106.7615
     546     106.1891
     547     106.0423
     548     106.1363
     549     107.2667
     550     107.6394
     551     105.5210
     552     107.1528
     553     109.4996
     554     104.2587
     555     107.3051
     556     105.0245
     557     107.6989
     558     103.6826
     559     108.6592
     560     107.0884
     561     110.4457
     562     104.6412
     563     104.1683
     564     107.6935
     565     108.7621
     566     105.2395
     567     104.0254
     568     109.1005
     569     106.0848
     570     104.4391
     571     106.2489
     572     103.9671
     573     106.0675
     574     106.7309
     575     103.3921
     576     107.1723
     577     108.2296
     578     102.3567
     579     106.4541
     580     104.2339
     581     109.2863
     582     107.0914
     583     109.2243
     584     105.4878
     585     110.7496
     586     109.5361
     587     108.1534
     588     109.3448
     589     111.5334
     590     111.2114
     591     107.2836
     592     105.6229
     593     107.8493
     594     107.5606
     595     104.8329
     596     106.7431
     597     104.0148
     598     106.0036
     599     108.5507
     600     107.0431
     601     107.3654
     602     108.4050
     603     105.4506
     604     104.5978
     605     106.3403
     606     109.1044
     607     112.4334
     608     111.1873
     609     114.5429
     610     123.8076
     611     115.9945
     612     121.3167
     613     118.5956
     614     112.0927
     615     116.6235
     616     117.0605
     617     117.3258
     618     121.9465
     619     115.7840
     620     113.2873
     621     107.6305
     622     112.7835
     623     109.9510
     624     107.0301
     625     112.6055
     626     112.7061
     627     112.0189
     628     105.6157
     629     110.4210
     630     109.8347
     631     114.4661
     632     111.7633
     633     109.1519
     634     108.4474
     635     108.7851
     636     104.1611
     637     103.7567
     638     108.3595
     639     106.7633
     640     106.0807
     641     105.0495
     642     108.1764
     643     109.8952
     644     107.0176
     645     111.3460
     646     104.6310
     647     104.4211
     648     104.2293
     649     113.5343
     650     111.6979
     651     113.2410
     652     115.2692
     653     113.0635
     654     108.7255
     655     104.9340
     656     106.8015
     657     108.1402
     658     107.2059
     659     110.8826
     660     110.4877
     661     107.4349
     662     107.9164
     663     101.8158
     664     104.6368
     665     103.2170
     666     108.7490
     667     102.4730
     668     106.5555
     669     104.1253
     670     111.6330
     671     112.7930
     672     113.1235
     673     108.1685
     674     117.7466
     675     113.7056
     676     116.7212
     677     114.3897
     678     109.5670
     679     119.4342
     680     115.7959
     681     116.4400
     682     117.5707
     683     111.3270
     684     110.3688
     685     115.4319
     686     109.1913
     687     112.3354
     688     112.5907
     689     117.5861
     690     111.4547
     691     111.8585
     692     112.0410
     693     109.5749
     694     110.2458
     695     110.4601
     696     111.2062
     697     113.6576
     698     104.3201
     699     103.3683
     700     108.5691
     701     104.4315
     702     110.9702
     703     110.0704
     704     106.3906
     705     108.6454
     706     106.5426
     707     108.9604
     708     108.9570
     709     104.5827
     710     105.3271
     711     110.7466
     712     109.3145
     713     111.5614
     714     109.2682
     715     114.9406
     716     112.2676
     717     111.4578
     718     107.9077
     719     113.0420
     720     112.1369
     721     111.6687
     722     113.3041
     723     115.7329
     724     114.7159
     725     115.5089
     726     113.4741
     727     112.7030
     728     115.1795
     729     106.9589
     730     112.4338
     731     108.5475
     732     112.9311
     733     109.1166
     734     109.0437
     735     104.1703
     736     107.6007
     737     105.4611
     738     107.9573
     739     109.8633
     740     110.0671
     741     111.0761
     742     112.4816
     743     108.8199
     744     110.7090
     745     113.8540
     746     107.9849
     747     105.5191
     748     111.6155
     749     107.0980
     750     102.2369
     751     106.1151
     752     112.6690
     753     108.1324
     754     107.5869
     755     113.0511
     756     108.5478
     757     107.7052
     758     106.6370
     759     104.3947
     760     105.0471
     761     106.7706
     762     111.5526
     763     112.3863
     764     106.7759
     765     101.6558
     766     105.1573
     767     108.3025
     768     108.0237
     769     111.5179
     770     107.6171
     771     111.8178
     772     109.3492
     773     106.0846
     774     109.6165
     775     110.1947
     776     107.8660
     777     110.2359
     778     108.2118
     779     110.4522
     780     108.9968
     781     104.9755
     782     102.5661
     783     102.5391
     784     108.5237
     785     105.7222
     786     104.7841
     787     101.5389
     788     101.9694
     789     108.5289
     790     108.3738
     791     108.1919
     792     107.0161
     793     102.3275
     794     106.0541
     795     104.9458
     796     104.6581
     797     104.3359
     798     104.1765
     799     106.2984
     800     109.7949
     801     106.1946
     802     106.9555
     803     105.0666
     804     105.5664
     805     107.1731
     806     103.7209
     807     102.7094
     808     108.3597
     809     107.7224
     810     106.3292
     811     103.3715
     812     111.6721
     813     106.4203
     814     106.6640
     815     107.9936
     816     109.6586
     817     111.9652
     818     107.4696
     819     110.7357
     820     107.1311
     821     105.6790
     822     104.6657
     823     106.7550
     824     110.4732
     825     105.9507
     826     103.7780
     827     105.2274
     828     105.5915
     829     107.7940
     830     105.7973
     831     107.2405
     832     107.6586
     833     100.9029
     834     106.2041
     835     109.5786
     836     107.9093
     837     105.4126
     838     104.5951
     839     102.1479
     840     105.7764
     841     108.5970
     842     109.4575
     843     108.2621
     844     106.6132
     845     106.2264
     846     110.2013
     847     105.8101
     848     108.7762
     849     109.1566
     850     105.7887
     851     106.6337
     852     110.3444
     853     110.6306
     854     108.2002
     855     108.8666
     856     109.1226
     857     104.3756
     858     112.5776
     859     109.6249
     860     113.7313
     861     104.4276
     862     103.8353
     863     104.4930
     864     107.3951
     865     106.3979
     866     101.9361
     867     105.8286
     868     104.1295
     869     108.9908
     870     104.7378
     871     108.9307
     872     105.7506
     873     103.2682
     874     106.6450
     875     104.0805
     876     104.8769
     877     107.2795
     878     103.4735
     879     102.1286
     880     106.5254
     881     104.6086
     882      95.2901
     883     102.7211
     884     102.7667
     885     102.9129
     886     110.4470
     887     103.3594
     888     107.9488
     889     106.4542
     890     110.4649
     891     106.8532
     892     107.0213
     893     114.3471
     894     111.7796
     895     110.9693
     896     112.2156
     897     114.2795
     898     111.8547
     899     110.6493
     900     114.8659
     901     109.5151
     902     114.2694
     903     114.6459
     904     112.1214
     905     112.6243
     906     110.3240
     907     109.6629
     908     114.3195
     909     108.4265
     910     106.4470
     911     101.0935
     912     111.9402
     913     108.9084
     914     108.5084
     915     107.8653
     916     109.2555
     917     113.0866
     918     110.5684
     919     109.0523
     920     107.3898
     921     110.3122
     922     113.9859
     923     113.6217
     924     107.7688
     925     110.0509
     926     111.9911
     927     107.7531
     928     109.7165
     929     111.7125
     930     110.0632
     931     111.4767
     932     109.4426
     933     105.4552
     934     106.0715
     935     105.7727
     936     111.0468
     937     109.3239
     938     111.0637
     939     114.5384
     940     109.4962
     941     112.0729
     942     106.8978
     943     109.0904
     944     106.4438
     945     108.8855
     946     108.6719
     947     108.4375
     948     112.4064
     949     104.9895
     950     113.3023
     951     107.4709
     952     107.9696
     953     105.9138
     954     106.7544
     955     112.8830
     956     110.5336
     957     108.7727
     958     115.6818
     959     115.8789
     960     121.0734
     961     117.7071
     962     113.8488
     963     113.1312
     964     110.1629
     965     107.1371
     966     107.7101
     967     108.0380
     968     109.4506
     969     112.1838
     970     114.6323
     971     112.9296
     972     114.6800
     973     115.3314
     974     112.1839
     975     110.6052
     976     111.4537
     977     108.0365
     978     109.4317
     979     104.5767
     980     107.8033
     981     106.5172
     982     109.3457
     983     107.5065
     984     110.1787
     985     111.6013
     986     109.2920
     987     106.6444
     988     106.1320
     989     107.1610
     990     111.4418
     991     111.9525
     992     108.4223
     993     108.8995
     994     107.9531
     995     109.1626
     996     107.0204
     997     108.3431
     998     110.7013
     999     109.9422
    1000     111.0738
    1001     111.1250
    1002     111.2419
    1003     108.6941
    1004     108.6018
    1005     107.6076
    1006     103.6006
    1007     108.0810
    1008     107.5691
    1009     104.7564
    1010     110.1097
    1011     111.2285
    1012     106.9771
    1013     109.5203
    1014     109.4100
    1015     108.7815
    1016     109.3216
    1017     104.7930
    1018     109.2356
    1019     109.7830
    1020     109.6231
    1021     111.0889
    1022     108.1344
    1023     106.5382
    1024     106.6998
    1025     109.1188
    1026     113.8004
    1027     110.7870
    1028     108.8854
    1029     107.0372
    1030     108.8674
    1031     109.0588
    1032     109.5594
    1033     109.0051
    1034     113.6903
    1035     115.9093
    1036     110.6052
    1037     109.3598
    1038     108.6774
    1039     107.8817
    1040     103.7826
    1041     104.8940
    1042     110.4422
    1043     109.5990
    1044     110.5175
    1045     108.1959
    1046     112.0074
    1047     105.7847
    1048     108.2858
    1049     110.6925
    1050     107.1964
    1051     105.4540
    1052     107.2615
    1053     112.1729
    1054     106.9420
    1055     102.0293
    1056     105.8164
    1057     107.2379
    1058     116.3655
    1059     112.9256
    1060     119.2242
    1061     111.8110
    1062     109.0364
    1063     107.9934
    1064     109.4288
    1065     106.2753
    1066     106.4012
    1067     106.6845
    1068     107.2240
    1069     114.7743
    1070     116.0885
    1071     121.6850
    1072     115.3419
    1073     116.1490
    1074     115.6559
    1075     120.5526
    1076     119.9455
    1077     115.1334
    1078     123.0946
    1079     114.7276
    1080     112.6216
    1081     110.6432
    1082     115.2451
    1083     109.9427
    1084     113.0065
    1085     110.2882
    1086     106.4847
    1087     116.4126
    1088     113.2018
    1089     112.2024
    1090     109.3699
    1091     107.5003
    1092     108.8331
    1093     105.6104
    1094     108.1757
    1095     110.5164
    1096     111.7170
    1097     107.9176
    1098     112.6187
    1099     106.3797
    1100     112.5092
    1101     110.8588
    1102     108.3575
    1103     108.8806
    1104     105.6139
    1105     104.9471
    1106     105.6359
    1107     107.0287
    1108     106.8691
    1109     106.2397
    1110     105.2747
    1111     103.3476
    1112     106.5331
    1113     107.7394
    1114     105.1151
    1115     106.8831
    1116     103.9670
    1117     102.1216
    1118     107.7343
    1119     106.7905
    1120     105.8486
    1121     105.6878
    1122     110.9899
    1123     110.9032
    1124     113.2356
    1125     116.0534
    1126     110.6508
    1127     111.5787
    1128     107.8047
    1129     108.4083
    1130     104.0799
    1131     107.0084
    1132     104.3459
    1133     104.4549
    1134     104.3386
    1135     108.7757
    1136     108.9786
    1137     108.1132
    1138     108.3516
    1139     108.5714
    1140     113.6047
    1141     113.3462
    1142     109.9222
    1143     108.7327
    1144     111.6021
    1145     103.5884
    1146     109.5045
    1147     112.7147
    1148     108.8228
    1149     104.6913
    1150     107.5254
    1151     104.3966
    1152     106.3197
    1153     104.4172
    1154     104.2774
    1155     113.5098
    1156     108.4739
    1157     111.0311
    1158     113.2399
    1159     114.1532
    1160     110.6372
    1161     116.0768
    1162     112.0329
    1163     108.1743
    1164     114.1967
    1165     111.6021
    1166     110.1878
    1167     107.3571
    1168     110.6054
    1169     113.1909
    1170     110.9859
    1171     106.6095
    1172     113.9987
    1173     114.6740
    1174     113.6763
    1175     116.7845
    1176     111.4925
    1177     117.1083
    1178     120.7155
    1179     114.4917
    1180     112.1868
    1181     108.0532
    1182     108.6728
    1183     106.8637
    1184     106.1758
    1185     106.3960
    1186     111.5398
    1187     106.5833
    1188     108.7184
    1189     108.2097
    1190     112.2728
    1191     109.8295
    1192     106.6319
    1193     109.7352
    1194     110.2092
    1195     111.5331
    1196     112.9578
    1197     114.1916
    1198     114.1946
    1199     111.5830
    1200     108.8932
    1201     115.0664
    1202     117.1360
    1203     111.3727
    1204     107.9750
    1205     107.6064
    1206     110.2897
    1207     110.1305
    1208     114.5828
    1209     108.9241
    1210     109.8704
    1211     108.7882
    1212     109.1472
    1213     109.8476
    1214     108.3548
    1215     102.4259
    1216     110.3078
    1217     107.0588
    1218     110.5825
    1219     102.5613
    1220     107.0940
    1221     103.1590
    1222     105.8514
    1223     100.7440
    1224     105.8285
    1225     110.2431
    1226     112.5155
    1227     106.3557
    1228     106.0038
    1229     108.8039
    1230     112.8107
    1231     109.7372
    1232     107.0281
    1233     104.3543
    1234     106.6217
    1235     111.0715
    1236     104.7471
    1237     111.1024
    1238     109.2906
    1239     107.8388
    1240     114.1394
    1241     107.2652
    1242     111.2765
    1243     114.1998
    1244     117.0535
    1245     108.1366
    1246     106.1928
    1247     112.1522
    1248     110.2550
    1249     108.3823
    1250     111.4550
    1251     106.7642
    1252     110.7609
    1253     119.8996
    1254     112.0644
    1255     110.1130
    1256     110.8440
    1257     113.2260
    1258     105.7776
    1259     106.1100
    1260     111.1348
    1261     112.7104
    1262     117.3687
    1263     116.0216
    1264     114.3791
    1265     109.9482
    1266     104.4018
    1267     105.4836
    1268     106.9118
    1269     112.9274
    1270     107.4478
    1271     106.7159
    1272     108.0551
    1273     107.8053
    1274     108.4242
    1275     108.1678
    1276     106.7373
    1277     103.6128
    1278     104.2181
    1279     108.3264
    1280     109.7619
    1281     106.7420
    1282     107.6971
    1283     109.4278
    1284     112.7367
    1285     108.1532
    1286     110.7170
    1287     109.7795
    1288     107.8929
    1289     108.6572
    1290     108.4941
    1291     108.7109
    1292     107.4420
    1293     104.6530
    1294     105.4063
    1295     105.7203
    1296     109.4663
    1297     105.1718
    1298     106.0579
    1299     107.2580
    1300     109.1225
    1301     103.8951
    1302     108.4930
    1303     107.3463
    1304     106.9425
    1305     107.0149
    1306     109.8092
    1307     109.4553
    1308     105.9026
    1309     106.5950
    1310     108.3581
    1311     109.4939
    1312     108.2609
    1313     106.3433
    1314     106.6189
    1315     105.3481
    1316     104.2244
    1317     104.1380
    1318     108.0595
    1319     103.9095
    1320     108.2540
    1321     107.2868
    1322     108.3978
    1323     110.2694
    1324     112.7716
    1325     110.0387
    1326     110.6853
    1327     105.9204
    1328     105.9281
    1329     109.7051
    1330     109.4081
    1331     106.2645
    1332     109.4213
    1333     112.9061
    1334     109.1499
    1335     104.3507
    1336     112.6199
    1337     106.8624
    1338     104.5364
    1339     108.6100
    1340     108.5572
    1341     106.0780
    1342     106.0711
    1343     109.3855
    1344     113.0984
    1345     111.4190
    1346     104.5882
    1347     106.6510
    1348     106.8908
    1349     108.1221
    1350     107.4353
    1351     109.2627
    1352     111.3711
    1353     113.5527
    1354     112.6571
    1355     111.7818
    1356     105.7489
    1357     111.3669
    1358     111.0177
    1359     109.2602
    1360     111.6799
    1361     109.5719
    1362     109.9220
    1363     112.3988
    1364     105.0357
    1365     109.9868
    1366     109.0811
    1367     109.5860
    1368     112.6207
    1369     111.7351
    1370     112.7027
    1371     109.6390
    1372     109.2778
    1373     113.4906
    1374     116.3996
    1375     108.3625
    1376     111.1320
    1377     117.2672
    1378     113.1486
    1379     115.9484
    1380     113.3768
    1381     112.8615
    1382     111.0952
    1383     115.8327
    1384     113.7044
    1385     116.8613
    1386     118.2582
    1387     115.0769
    1388     116.4949
    1389     111.6540
    1390     113.4554
    1391     112.3907
    1392     110.4631
    1393     116.4645
    1394     114.2645
    1395     114.1550
    1396     115.0155
    1397     112.4422
    1398     111.6912
    1399     111.2780
    1400     106.2272
    1401     109.6523
    1402     109.0932
    1403     104.7930
    1404     110.6515
    1405     107.3442
    1406     108.7730
    1407     103.1702
    1408     104.0745
    1409     110.9739
    1410     104.0697
    1411     110.1121
    1412     106.2013
    1413     104.5800
    1414     106.2793
    1415     108.8194
    1416     109.1586
    1417     108.6755
    1418     110.3629
    1419     103.9198
    1420     111.8657
    1421     106.1329
    1422     106.8145
    1423     107.0050
    1424     108.4359
    1425     109.2066
    1426     110.3053
    1427     106.6467
    1428     106.7337
    1429     108.1499
    1430     105.1708
    1431     110.0363
    1432     103.5506
    1433     105.4081
    1434     106.9889
    1435     105.3284
    1436     106.9121
    1437     109.2696
    1438     107.5898
    1439     108.2032
    1440     106.2488
    1441     103.0616
    1442     112.2337
    1443     111.7140
    1444     105.7969
    1445     106.0832
    1446     106.1432
    1447     105.5316
    1448     108.2514
    1449     110.8381
    1450     108.4890
    1451     107.1276
    1452     105.2318
    1453     106.7926
    1454     110.5992
    1455     109.3394
    1456     107.9073
    1457     108.7063
    1458     109.1249
    1459     107.5087
    1460     106.2298
    1461     107.1672
    1462     108.2234
    1463     111.6058
    1464     109.3917
    1465     110.0745
    1466     109.2049
    1467     112.0027
    1468     113.1759
    1469     118.3770
    1470     109.6381
    1471     109.2134
    1472     105.0026
    1473     106.9920
    1474     113.2072
    1475     108.4405
    1476     112.1558
    1477     115.2457
    1478     111.4371
    1479     106.6312
    1480     107.9606
    1481     109.8673
    1482     105.2088
    1483     112.6055
    1484     104.0136
    1485     111.3078
    1486     108.3167
    1487     106.4517
    1488     109.5152
    1489     105.9175
    1490     104.1324
    1491     104.6543
    1492     105.6779
    1493     107.5103
    1494     105.5001
    1495     102.8030
    1496     105.2312
    1497     105.7154
    1498     106.2488
    1499     111.3696
    1500     110.4911
    1501     109.7918
    1502     104.8971
    1503     111.9733
    1504     108.3755
    1505     107.4161
    1506     106.0294
    1507     109.0642
    1508     110.9077
    1509     112.3987
    1510     107.1344
    1511     107.1106
    1512     106.5156
    1513     112.0840
    1514     105.7307
    1515     107.9357
    1516     105.0421
    1517     110.1602
    1518     107.2223
    1519     111.1341
    1520     110.6606
    1521     107.5540
    1522     111.1617
    1523     111.1000
    1524     106.6515
    1525     106.6719
    1526     104.3139
    1527     106.1590
    1528     107.0395
    1529     108.4625
    1530     110.2591
    1531     107.6393
    1532     106.9820
    1533     110.2847
    1534     106.1172
    1535     104.6921
    1536     107.2833
    1537     108.6782
    1538     107.0519
    1539     103.9821
    1540     108.7066
    1541     109.3601
    1542     105.6843
    1543     104.8245
    1544     107.0454
    1545     106.7793
    1546     105.9549
    1547     108.0342
    1548     107.7300
    1549     105.2550
    1550     107.3587
    1551     107.8847
    1552     108.4180
    1553     109.5038
    1554     106.9743
    1555     107.8877
    1556     107.3158
    1557     111.7618
    1558     108.4567
    1559     114.3348
    1560     108.0641
    1561     109.9132
    1562     107.8098
    1563     112.9161
    1564     109.1769
    1565     108.9909
    1566     109.0349
    1567     108.3490
    1568     106.9212
    1569     109.0704
    1570     108.2845
    1571     103.9432
    1572     105.4105
    1573     109.2287
    1574     104.9415
    1575     106.5490
    1576     107.1617
    1577     105.9969
    1578     107.2583
    1579     107.5105
    1580     106.1745
    1581     105.8164
    1582     106.7559
    1583     107.1864
    1584     109.5916
    1585     105.6381
    1586     114.3210
    1587     107.9698
    1588     108.3312
    1589     109.2736
    1590     105.7758
    1591     106.9464
    1592     112.1551
    1593     105.0419
    1594     106.9387
    1595     108.5861
    1596     106.1289
    1597     110.8733
    1598     111.6680
    1599     112.8221
    1600     109.5644
    1601     112.1646
    1602     115.2035
    1603     110.1349
    1604     113.2306
    1605     113.8387
    1606     114.2798
    1607     114.2609
    1608     113.8593
    1609     115.1695
    1610     117.3498
    1611     112.4973
    1612     116.1860
    1613     112.9097
    1614     110.6164
    1615     116.0956
    1616     113.2096
    1617     115.5405
    1618     113.6552
    1619     106.8989
    1620     111.2508
    1621     115.9995
    1622     111.7991
    1623     115.5520
    1624     113.4969
    1625     109.8854
    1626     111.9213
    1627     116.5651
    1628     116.1156
    1629     115.2616
    1630     113.1836
    1631     113.6729
    1632     112.2454
    1633     106.8354
    1634     106.4433
    1635     112.8863
    1636     107.2010
    1637     105.9332
    1638     114.5571
    1639     110.9870
    1640     109.1292
    1641     110.1042
    1642     108.5924
    1643     105.1101
    1644     111.8097
    1645     106.5971
    1646     106.1854
    1647     107.4792
    1648     102.2925
    1649     110.2151
    1650     107.6167
    1651     109.0886
    1652     106.8842
    1653     110.8863
    1654     109.6793
    1655     110.3605
    1656     108.2855
    1657     104.3845
    1658     107.7650
    1659     109.1823
    1660     109.6344
    1661     106.9122
    1662     105.0939
    1663     109.6136
    1664     109.1742
    1665     107.8402
    1666     109.5318
    1667     106.7135
    1668     101.6246
    1669     110.0203
    1670     108.7259
    1671     112.2372
    1672     109.3206
    1673     108.3621
    1674     112.8521
    1675     112.8042
    1676     109.6272
    1677     108.5641
    1678     112.5922
    1679     110.4874
    1680     105.8523
    1681     107.4421
    1682     112.9032
    1683     111.9087
    1684     108.5837
    1685     107.4359
    1686     110.3594
    1687     106.9375
    1688     109.5469
    1689     107.6835
    1690     110.6168
    1691     111.7969
    1692     111.9446
    1693     109.3640
    1694     106.4990
    1695     108.0965
    1696     104.6325
    1697     107.2545
    1698     107.4714
    1699     107.7821
    1700     108.8762
    1701     112.1726
    1702     106.2481
    1703     109.9943
    1704     106.1325
    1705     106.8159
    1706     102.7380
    1707     106.4014
    1708     110.0550
    1709     108.5675
    1710     109.9511
    1711     110.2254
    1712     107.3050
    1713     111.8942
    1714     106.4452
    1715     110.9428
    1716     115.4313
    1717     107.2825
    1718     112.8451
    1719     113.0020
    1720     107.4038
    1721     106.1338
    1722     106.9318
    1723     104.7917
    1724     106.4000
    1725     103.9952
    1726     108.7923
    1727     111.5576
    1728     107.5910
    1729     106.7480
    1730     107.2964
    1731     107.4199
    1732     105.6001
    1733     107.8253
    1734     106.7671
    1735     110.3433
    1736     105.7338
    1737     111.4723
    1738     106.9267
    1739     104.6168
    1740     104.2300
    1741     106.9601
    1742     105.5406
    1743     102.1377
    1744     107.8525
    1745     106.0261
    1746     106.3010
    1747     105.3051
    1748     108.3057
    1749     103.7072
    1750     108.1615
    1751     103.5044
    1752     105.0998
    1753     104.9579
    1754     105.0823
    1755     105.6167
    1756     109.6604
    1757     111.0533
    1758     105.0258
    1759     104.7127
    1760     108.6540
    1761     107.1463
    1762     107.7363
    1763     104.9654
    1764     103.5819
    1765     108.7947
    1766     105.9105
    1767     105.7206
    1768     106.0089
    1769     102.7377
    1770     108.4041
    1771     107.8466
    1772     103.5751
    1773     106.4112
    1774     109.2357
    1775     112.3558
    1776     109.1808
    1777     108.2980
    1778     111.0472
    1779     111.3612
    1780     108.9010
    1781     110.4998
    1782     110.9707
    1783     111.1538
    1784     109.7529
    1785     112.6818
    1786     109.0348
    1787     112.8113
    1788     112.7567
    1789     111.9870
    1790     107.7297
    1791     109.6695
    1792     110.9805
    1793     109.6228
    1794     104.8100
    1795     109.5933
    1796     110.5206
    1797     109.8744
    1798     109.6035
    1799     115.5130
    1800     113.3701
    1801     112.3714
    1802     109.4739
    1803     105.7852
    1804     110.7664
    1805     111.5313
    1806     114.2956
    1807     111.3743
    1808     112.9264
    1809     112.0585
    1810     108.4967
    1811     110.0587
    1812     110.2132
    1813     107.9229
    1814     107.3392
    1815     110.2403
    1816     109.6753
    1817     106.0050
    1818     106.5734
    1819     106.9194
    1820     107.3162
    1821     109.3949
    1822     110.1961
    1823     108.5399
    1824     109.1629
    1825     113.6210
    1826     109.8174
    1827     113.4757
    1828     110.4020
    1829     111.6493
    1830     113.9917
    1831     113.6340
    1832     115.3300
    1833     114.4906
    1834     112.8332
    1835     116.5799
    1836     111.9872
    1837     113.4909
    1838     112.9715
    1839     112.2413
    1840     112.7520
    1841     110.3308
    1842     112.3081
    1843     113.7798
    1844     116.4671
    1845     112.2295
    1846     113.3082
    1847     110.8040
    1848     107.0143
    1849     110.8965
    1850     110.2155
    1851     107.9455
    1852     109.7810
    1853     110.4876
    1854     111.3445
    1855     115.5592
    1856     112.0365
    1857     109.8166
    1858     108.1262
    1859     107.6243
    1860     108.1837
    1861     110.1137
    1862     109.6784
    1863     107.3463
    1864     107.1648
    1865     110.1995
    1866     108.8505
    1867     112.1052
    1868     108.4452
    1869     114.1281
    1870     115.6870
    1871     110.5981
    1872     108.6717
    1873     111.0455
    1874     110.7535
    1875     110.7242
    1876     109.6285
    1877     105.6716
    1878     106.5129
    1879     109.0420
    1880     107.9560
    1881     105.4637
    1882     107.4645
    1883     107.4802
    1884     111.4296
    1885     104.9905
    1886     105.2929
    1887     108.8084
    1888     105.1933
    1889     105.4475
    1890     105.8086
    1891     108.5803
    1892     105.6433
    1893     108.6334
    1894     105.2724
    1895     111.5485
    1896     104.4664
    1897     111.9875
    1898     107.3972
    1899     108.4093
    1900     111.0183
    1901     109.0238
    1902     107.7152
    1903     107.5534
    1904     107.7106
    1905     109.2092
    1906     110.6158
    1907      99.8917
    1908     105.9104
    1909     108.6357
    1910     108.9948
    1911     105.0811
    1912     105.3898
    1913     108.1039
    1914     104.9340
    1915     106.1824
    1916     107.8296
    1917     106.3231
    1918     106.0515
    1919     105.0467
    1920     105.4649
    1921     108.4430
    1922     107.1533
    1923     108.6050
    1924     104.8487
    1925     105.3128
    1926     107.6912
    1927     104.4240
    1928     104.6986
    1929     111.8522
    1930     106.4669
    1931     105.9753
    1932     106.0453
    1933     108.2981
    1934     103.1824
    1935     108.7702
    1936     105.3807
    1937     105.2690
    1938     103.8367
    1939     109.2345
    1940     103.4251
    1941     102.4769
    1942     102.8083
    1943     108.0047
    1944     106.1741
    1945     108.8834
    1946     108.8161
    1947     113.7598
    1948     110.3833
    1949     113.9147
    1950     107.0400
    1951     108.2863
    1952     109.6592
    1953     109.5500
    1954     110.5066
    1955     109.0465
    1956     113.6012
    1957     111.6603
    1958     114.4265
    1959     108.9377
    1960     107.3901
    1961     110.6211
    1962     112.0417
    1963     105.3503
    1964     108.1526
    1965     109.6797
    1966     106.7823
    1967     106.0751
    1968     108.5830
    1969     107.6213
    1970     110.7698
    1971     105.5437
    1972     103.6638
    1973     104.7957
    1974     102.1161
    1975     110.4946
    1976     109.3124
    1977     103.4339
    1978     103.5335
    1979     105.8175
    1980     106.6872
    1981     105.0766
    1982     106.6882
    1983     109.7959
    1984     109.0645
    1985     111.5141
    1986     108.8653
    1987     107.8424
    1988     105.4300
    1989     110.5079
    1990     111.4825
    1991     106.7422
    1992     110.3032
    1993     106.2912
    1994     111.3463
    1995     107.6851
    1996     106.1389
    1997     108.7327
    1998     109.4981
    1999     111.8414
    2000     108.7754
    2001     110.2294
    2002     106.9555
    2003     104.7827
    2004     114.2055
    2005     107.3596
    2006     113.3478
    2007     111.5849
    2008     110.3867
    2009     110.4297
    2010     110.4689
    2011     116.3420
    2012     108.9081
    2013     113.8366
    2014     108.1800
    2015     112.4812
    2016     104.3717
    2017     106.5726
    2018     106.1518
    2019     105.0101
    2020     105.8219
    2021     107.6521
    2022     109.9611
    2023     106.8222
    2024     106.1188
    2025     110.3670
    2026     104.9704
    2027     109.2225
    2028     108.6784
    2029     105.3923
    2030     109.8340
    2031     109.1127
    2032     110.1379
    2033     111.0295
    2034     111.8455
    2035     107.9798
    2036     107.3767
    2037     109.4628
    2038     109.3117
    2039     109.6404
    2040     109.8086
    2041     114.8039
    2042     115.1794
    2043     114.7218
    2044     109.7735
    2045     111.2536
    2046     109.8090
    2047     106.4218
    2048     107.6433
    2049     109.8417
    2050     109.3836
    2051     109.5203
    2052     115.7105
    2053     111.3920
    2054     109.3795
    2055     111.3042
    2056     112.7601
    2057     113.3207
    2058     106.8782
    2059     107.0497
    2060     111.2431
    2061     106.6567
    2062     104.6274
    2063     109.4071
    2064     109.3070
    2065     112.4005
    2066     111.3729
    2067     109.5668
    2068     107.0154
    2069     113.5349
    2070     112.3019
    2071     110.4614
    2072     107.5071
    2073     107.0322
    2074     104.2272
    2075     109.5289
    2076     106.8495
    2077     106.2161
    2078     110.0609
    2079     109.0243
    2080     104.0228
    2081     105.6773
    2082     107.4472
    2083     111.9072
    2084     107.1640
    2085     106.3963
    2086     101.8662
    2087     112.4790
    2088     110.6704
    2089     112.4454
    2090     110.6248
    2091     107.8386
    2092     108.1426
    2093     109.4059
    2094     104.6332
    2095     106.2380
    2096     104.5214
    2097     106.4407
    2098     104.8669
    2099     106.8308
    2100     106.5275
    2101     110.1910
    2102     107.3731
    2103     103.4205
    2104     105.7031
    2105     104.5814
    2106     108.9924
    2107     102.6589
    2108     107.1127
    2109     106.1789
    2110     107.5841
    2111     107.1549
    2112     108.1664
    2113     109.8120
    2114     108.2789
    2115     107.8956
    2116     105.4003
    2117     101.3436
    2118     108.2763
    2119     104.1761
    2120     103.6585
    2121     110.2491
    2122     105.9257
    2123     109.7752
    2124     111.0965
    2125     106.5792
    2126     103.9838
    2127     113.2251
    2128     111.5296
    2129     111.6184
    2130     107.4778
    2131     111.2807
    2132     110.6290
    2133     110.5257
    2134     108.0234
    2135     111.6853
    2136     106.3900
    2137     107.0625
    2138     111.0109
    2139     107.4630
    2140     109.2188
    2141     106.2205
    2142     105.6505
    2143     109.2914
    2144     106.2997
    2145     108.3409
    2146     109.8857
    2147     109.4497
    2148     106.2584
    2149     111.9601
    2150     112.8663
    2151     108.1117
    2152     114.8857
    2153     107.1083
    2154     108.1738
    2155     108.6028
    2156     110.8212
    2157     107.1599
    2158     107.5114
    2159     113.0103
    2160     109.1497
    2161     111.6067
    2162     108.7263
    2163     106.1209
    2164     107.0833
    2165     106.0062
    2166     108.2804
    2167     105.4066
    2168     109.4444
    2169     110.1853
    2170     120.7785
    2171     115.3489
    2172     112.1048
    2173     119.7855
    2174     112.8287
    2175     111.3782
    2176     107.2217
    2177     108.6641
    2178     113.9391
    2179     111.1517
    2180     109.2172
    2181     110.5887
    2182     108.7278
    2183     108.0763
    2184     110.3600
    2185     109.3243
    2186     112.8165
    2187     115.6643
    2188     114.5592
    2189     110.8853
    2190     111.0508
    2191     112.4667
    2192     110.5911
    2193     112.7855
    2194     111.1355
    2195     116.2072
    2196     117.4959
    2197     116.4603
    2198     114.1296
    2199     117.1977
    2200     113.4893
    2201     114.9705
    2202     114.2061
    2203     116.5642
    2204     114.1596
    2205     116.1997
    2206     117.6220
    2207     117.1899
    2208     116.1252
    2209     111.7576
    2210     111.6908
    2211     112.0500
    2212     110.3344
    2213     114.5246
    2214     108.3842
    2215     111.0309
    2216     113.0294
    2217     110.7120
    2218     112.5675
    2219     113.2767
    2220     112.3107
    2221     110.9257
    2222     109.3861
    2223     114.4119
    2224     108.0163
    2225     114.3551
    2226     110.8135
    2227     112.6584
    2228     114.4386
    2229     112.8803
    2230     108.7458
    2231     112.3415
    2232     108.4667
    2233     109.1280
    2234     112.1909
    2235     110.2034
    2236     108.0408
    2237     108.2275
    2238     114.7853
    2239     108.1722
    2240     110.2195
    2241     109.7927
    2242     109.6956
    2243     108.6757
    2244     108.5718
    2245     112.5132
    2246     111.1208
    2247     108.1663
    2248     111.4910
    2249     109.9792
    2250     109.9680
    2251     110.6208
