#Frame         angle2
       1     131.6880
       2     125.3663
       3     130.7274
       4     129.5139
       5     134.5854
       6     133.6711
       7     130.7657
       8     128.5554
       9     130.3409
      10     129.6920
      11     129.7608
      12     128.6771
      13     125.8249
      14     128.0097
      15     127.8388
      16     127.6429
      17     126.2071
      18     126.4723
      19     128.9851
      20     127.2969
      21     125.2347
      22     126.4908
      23     128.7928
      24     125.8978
      25     127.9187
      26     124.6592
      27     124.8113
      28     127.6603
      29     126.1370
      30     128.4000
      31     126.1010
      32     125.8202
      33     127.0624
      34     125.7544
      35     125.7726
      36     124.6028
      37     123.7289
      38     127.9332
      39     127.1712
      40     126.2781
      41     128.5890
      42     126.1591
      43     123.5368
      44     126.0334
      45     126.5941
      46     129.1694
      47     125.7492
      48     126.2186
      49     124.6370
      50     131.3952
      51     128.3900
      52     126.2798
      53     126.5563
      54     126.3275
      55     128.0196
      56     130.6810
      57     127.8383
      58     130.3219
      59     128.1527
      60     128.6408
      61     129.6423
      62     132.5506
      63     127.6626
      64     126.4131
      65     126.8021
      66     126.9852
      67     126.1782
      68     127.5020
      69     126.4240
      70     127.1403
      71     126.8451
      72     128.9657
      73     129.1763
      74     130.0802
      75     129.0677
      76     129.5085
      77     126.0914
      78     126.4563
      79     130.3449
      80     130.5787
      81     127.2416
      82     130.7601
      83     128.3901
      84     127.4827
      85     127.1434
      86     124.7102
      87     128.9183
      88     129.1452
      89     125.9948
      90     126.3493
      91     127.3164
      92     127.0700
      93     127.3949
      94     125.8704
      95     126.9233
      96     126.5815
      97     127.2795
      98     127.6847
      99     128.1977
     100     130.3641
     101     128.1380
     102     127.1565
     103     127.9212
     104     126.7883
     105     124.4402
     106     128.0037
     107     123.5378
     108     127.3757
     109     130.4045
     110     129.5699
     111     127.0860
     112     127.0762
     113     129.0013
     114     127.6197
     115     127.1198
     116     126.3991
     117     130.3865
     118     125.2231
     119     126.4463
     120     125.0211
     121     128.5519
     122     127.8922
     123     127.0807
     124     123.1560
     125     125.4343
     126     127.1922
     127     128.2021
     128     126.7766
     129     128.9455
     130     122.8539
     131     126.6961
     132     127.7178
     133     126.0450
     134     118.2488
     135     121.8647
     136     124.3041
     137     123.0727
     138     124.7941
     139     129.8607
     140     125.9736
     141     125.5200
     142     126.5082
     143     123.8525
     144     125.8194
     145     121.0837
     146     123.6952
     147     124.2411
     148     128.6867
     149     128.8288
     150     125.2158
     151     128.4999
     152     126.1166
     153     127.6566
     154     125.1265
     155     126.6322
     156     129.2295
     157     124.0162
     158     127.4070
     159     126.7692
     160     122.8055
     161     124.9916
     162     126.4718
     163     125.1388
     164     122.2241
     165     124.7796
     166     121.0465
     167     122.7963
     168     118.3723
     169     127.0315
     170     128.2445
     171     126.4822
     172     123.6006
     173     121.4996
     174     123.7597
     175     127.1299
     176     126.0026
     177     122.8211
     178     125.2216
     179     122.9633
     180     125.0570
     181     128.4731
     182     125.3042
     183     125.6128
     184     125.7895
     185     125.7232
     186     125.0399
     187     127.8177
     188     123.7220
     189     124.9193
     190     129.2684
     191     127.9612
     192     126.5517
     193     127.2011
     194     125.9762
     195     127.2803
     196     127.3432
     197     127.6638
     198     129.2661
     199     128.9252
     200     125.7463
     201     128.3684
     202     127.1521
     203     127.1308
     204     127.9238
     205     128.1051
     206     125.6651
     207     129.4728
     208     130.4172
     209     126.5793
     210     126.7954
     211     128.7818
     212     127.9124
     213     128.0277
     214     127.5627
     215     126.3616
     216     127.5415
     217     130.6059
     218     128.7297
     219     127.5042
     220     127.8351
     221     130.2365
     222     127.6776
     223     126.4804
     224     128.6415
     225     125.6587
     226     127.5144
     227     124.7461
     228     127.9033
     229     128.9013
     230     121.2967
     231     123.4207
     232     126.1493
     233     126.1691
     234     127.6408
     235     127.7647
     236     127.5444
     237     129.2536
     238     126.4532
     239     126.0767
     240     127.6105
     241     125.2603
     242     125.3729
     243     127.0248
     244     125.4654
     245     125.3043
     246     121.8663
     247     126.4946
     248     124.1119
     249     129.8409
     250     126.1073
     251     123.9682
     252     127.2264
     253     127.4699
     254     128.1551
     255     128.0684
     256     129.0490
     257     128.1048
     258     124.5428
     259     126.6745
     260     127.5034
     261     131.1499
     262     126.8482
     263     124.7216
     264     127.9294
     265     130.5663
     266     124.8747
     267     123.6008
     268     127.3211
     269     126.4892
     270     124.1806
     271     124.4822
     272     123.5769
     273     125.2379
     274     122.3184
     275     128.9405
     276     125.4309
     277     127.2501
     278     128.5827
     279     126.2085
     280     121.0644
     281     124.7956
     282     127.1534
     283     128.2747
     284     125.6156
     285     127.3047
     286     130.4440
     287     127.9935
     288     124.8958
     289     126.5709
     290     127.6707
     291     127.6523
     292     124.5084
     293     124.4359
     294     125.1835
     295     123.0615
     296     126.4516
     297     125.1069
     298     129.5002
     299     127.3292
     300     129.1606
     301     126.1815
     302     123.0651
     303     123.2486
     304     124.7204
     305     124.1731
     306     126.8009
     307     123.9989
     308     126.4324
     309     123.7755
     310     123.8474
     311     129.9127
     312     128.0687
     313     129.2474
     314     128.7987
     315     128.3410
     316     125.2760
     317     125.2462
     318     123.6898
     319     124.8889
     320     124.7274
     321     128.0092
     322     124.0224
     323     122.3084
     324     118.9413
     325     122.1170
     326     125.5153
     327     122.5511
     328     121.7529
     329     125.4286
     330     122.7268
     331     121.5808
     332     121.5884
     333     124.0326
     334     128.1201
     335     125.1593
     336     124.1517
     337     118.1180
     338     122.2065
     339     122.1070
     340     122.1159
     341     120.9068
     342     120.3803
     343     121.2352
     344     119.7998
     345     118.3364
     346     119.0890
     347     120.9209
     348     123.1165
     349     118.6688
     350     119.8463
     351     120.6506
     352     120.8520
     353     119.7535
     354     122.0142
     355     120.8071
     356     122.5841
     357     126.2017
     358     122.6688
     359     124.7948
     360     124.9812
     361     122.1908
     362     125.8075
     363     120.3454
     364     121.8390
     365     122.6973
     366     119.9022
     367     121.8649
     368     124.2881
     369     122.4398
     370     121.0778
     371     123.1208
     372     118.5652
     373     123.5085
     374     120.7133
     375     120.6959
     376     118.9255
     377     122.8689
     378     122.5560
     379     123.5324
     380     120.4696
     381     121.4046
     382     124.1469
     383     120.3849
     384     123.7640
     385     120.5334
     386     121.3897
     387     117.3422
     388     122.3153
     389     121.2537
     390     122.4177
     391     121.6175
     392     120.2700
     393     121.8713
     394     126.3138
     395     123.5898
     396     120.8516
     397     122.4986
     398     123.9416
     399     124.6201
     400     122.3344
     401     120.9546
     402     120.4449
     403     120.0364
     404     121.3447
     405     120.2468
     406     120.6620
     407     119.3607
     408     120.1352
     409     119.3588
     410     121.9796
     411     120.9539
     412     123.3840
     413     124.3181
     414     121.7893
     415     122.6217
     416     122.9729
     417     124.6203
     418     121.3191
     419     118.2762
     420     120.6441
     421     120.4217
     422     120.4146
     423     124.4655
     424     120.6613
     425     122.0052
     426     124.9248
     427     126.0626
     428     127.3823
     429     125.6609
     430     124.1476
     431     118.2891
     432     124.3097
     433     124.0720
     434     124.4552
     435     123.4221
     436     126.3574
     437     125.3036
     438     124.1955
     439     125.3042
     440     126.8264
     441     122.4063
     442     125.2805
     443     125.1770
     444     124.6738
     445     124.5099
     446     120.5810
     447     123.2093
     448     125.9780
     449     125.7752
     450     124.8830
     451     120.4191
     452     125.4780
     453     124.4237
     454     125.0581
     455     123.0253
     456     127.0713
     457     127.1682
     458     126.0523
     459     126.1686
     460     126.1662
     461     126.7771
     462     128.8637
     463     123.1472
     464     126.5600
     465     127.3516
     466     124.9095
     467     124.4954
     468     126.0696
     469     122.5109
     470     128.3535
     471     124.2515
     472     124.9503
     473     120.9645
     474     122.0332
     475     125.6303
     476     123.8310
     477     122.8289
     478     123.6799
     479     126.3541
     480     128.7050
     481     126.7930
     482     125.4361
     483     122.2800
     484     123.9979
     485     125.3828
     486     126.7609
     487     122.4060
     488     123.7325
     489     124.1872
     490     124.4132
     491     123.7858
     492     125.5705
     493     124.1561
     494     123.3222
     495     122.9861
     496     123.9824
     497     123.2948
     498     129.3804
     499     128.9780
     500     123.8558
     501     124.3148
     502     122.4184
     503     125.3483
     504     125.9676
     505     125.2936
     506     126.3219
     507     118.8591
     508     115.3832
     509     120.3495
     510     124.4875
     511     124.3905
     512     125.4351
     513     125.4052
     514     123.8578
     515     122.6118
     516     125.3098
     517     125.0630
     518     122.5833
     519     124.2339
     520     123.7670
     521     121.8703
     522     124.4392
     523     125.3050
     524     127.3272
     525     124.8369
     526     120.3363
     527     122.2048
     528     124.8228
     529     123.7014
     530     122.1871
     531     125.2278
     532     121.9884
     533     122.9716
     534     122.3340
     535     122.4519
     536     119.3002
     537     122.7491
     538     128.0479
     539     129.5730
     540     123.8694
     541     124.8443
     542     123.1161
     543     126.4091
     544     124.1403
     545     123.5072
     546     127.3104
     547     119.7588
     548     120.6427
     549     121.0777
     550     121.4907
     551     123.1341
     552     124.4578
     553     124.8999
     554     121.9119
     555     125.2150
     556     121.4894
     557     125.0290
     558     125.5228
     559     120.3577
     560     120.7920
     561     120.1502
     562     119.7579
     563     124.9419
     564     122.3597
     565     124.1768
     566     118.6932
     567     122.4655
     568     121.7440
     569     119.2888
     570     123.0484
     571     125.2190
     572     123.7811
     573     121.8828
     574     119.5356
     575     120.6488
     576     121.9215
     577     127.0653
     578     124.0131
     579     122.2921
     580     120.8746
     581     125.2981
     582     124.8557
     583     122.1612
     584     122.8288
     585     118.3717
     586     122.2856
     587     120.4708
     588     120.7732
     589     123.3876
     590     123.2796
     591     122.6640
     592     121.0536
     593     124.1272
     594     121.0237
     595     125.6969
     596     125.4126
     597     123.0593
     598     122.6079
     599     124.6767
     600     124.1932
     601     122.6219
     602     123.3839
     603     120.8164
     604     122.1860
     605     120.5781
     606     125.7911
     607     127.9494
     608     123.2801
     609     124.9784
     610     123.5825
     611     120.8485
     612     122.5005
     613     125.2448
     614     126.3655
     615     124.1198
     616     121.5538
     617     125.0753
     618     121.2005
     619     125.3212
     620     123.6153
     621     123.1945
     622     124.0824
     623     122.7470
     624     123.5137
     625     121.8014
     626     124.2943
     627     123.8929
     628     125.3855
     629     128.6623
     630     128.6944
     631     123.8339
     632     128.6568
     633     128.3527
     634     130.4969
     635     131.4859
     636     126.9502
     637     126.2611
     638     122.6348
     639     123.6705
     640     128.4463
     641     127.4999
     642     126.7310
     643     127.5283
     644     128.2805
     645     121.6081
     646     127.2446
     647     127.5879
     648     124.0751
     649     126.8418
     650     124.8994
     651     125.2476
     652     124.5801
     653     127.9440
     654     128.8131
     655     128.0725
     656     131.0182
     657     132.4321
     658     129.3475
     659     133.4709
     660     130.9148
     661     123.3313
     662     126.3882
     663     127.1044
     664     128.7341
     665     122.5934
     666     125.1862
     667     128.2519
     668     128.1116
     669     127.5337
     670     128.7244
     671     128.3810
     672     126.3717
     673     124.1354
     674     124.9538
     675     128.3478
     676     125.3826
     677     124.8643
     678     124.1045
     679     122.3296
     680     123.3685
     681     125.3527
     682     127.6802
     683     129.4182
     684     131.1282
     685     131.7990
     686     130.5046
     687     126.9863
     688     131.0105
     689     130.2033
     690     127.6075
     691     126.1271
     692     129.5957
     693     126.6292
     694     128.0940
     695     129.3194
     696     128.3100
     697     128.7316
     698     127.0199
     699     129.7026
     700     125.2818
     701     128.1296
     702     125.7334
     703     130.2556
     704     129.5977
     705     130.4315
     706     128.6047
     707     130.0065
     708     127.9427
     709     126.9081
     710     131.2381
     711     129.3573
     712     128.2848
     713     129.7007
     714     131.6767
     715     131.6988
     716     130.7672
     717     127.4996
     718     128.7516
     719     124.4685
     720     122.7439
     721     129.3389
     722     127.1539
     723     128.0903
     724     125.1885
     725     125.2494
     726     128.5547
     727     128.6183
     728     126.7168
     729     127.9811
     730     124.4427
     731     129.8462
     732     124.1698
     733     127.9348
     734     130.5256
     735     129.2725
     736     125.6010
     737     126.5578
     738     125.8265
     739     127.7008
     740     124.9250
     741     127.4501
     742     126.7800
     743     123.8453
     744     126.4216
     745     125.3772
     746     126.5268
     747     124.9916
     748     120.0846
     749     127.8222
     750     125.9599
     751     125.5092
     752     128.0142
     753     128.6011
     754     128.7754
     755     126.1979
     756     124.6469
     757     125.1007
     758     127.6951
     759     127.2863
     760     129.3792
     761     132.6539
     762     127.2964
     763     129.5494
     764     124.1864
     765     126.5296
     766     125.9799
     767     122.7438
     768     128.9579
     769     131.1319
     770     129.9078
     771     128.6338
     772     130.3609
     773     129.3428
     774     130.0791
     775     128.3121
     776     131.3739
     777     129.2529
     778     127.2057
     779     129.0021
     780     127.7725
     781     132.4497
     782     129.5315
     783     125.9471
     784     129.0296
     785     127.5569
     786     128.3564
     787     130.3107
     788     132.4805
     789     127.1287
     790     130.5617
     791     133.7991
     792     129.9915
     793     129.0466
     794     131.5306
     795     128.7668
     796     131.9336
     797     134.5061
     798     132.5727
     799     126.1953
     800     129.2201
     801     126.5518
     802     130.0072
     803     129.2584
     804     134.6419
     805     130.2700
     806     129.3910
     807     130.5515
     808     130.3792
     809     132.1440
     810     133.2261
     811     130.1148
     812     131.7517
     813     131.1275
     814     130.5574
     815     129.3179
     816     127.2852
     817     127.0516
     818     129.5940
     819     127.0060
     820     130.5140
     821     128.9443
     822     127.8806
     823     129.8693
     824     124.2517
     825     124.9997
     826     127.0806
     827     128.1659
     828     125.7028
     829     124.8844
     830     129.0631
     831     126.4004
     832     127.4505
     833     126.7235
     834     130.6772
     835     129.7552
     836     127.3282
     837     124.0778
     838     125.2202
     839     123.1794
     840     123.2834
     841     124.4292
     842     127.7562
     843     129.5901
     844     127.2124
     845     124.6711
     846     126.6862
     847     127.0560
     848     125.7698
     849     130.2572
     850     127.1293
     851     121.6859
     852     130.0953
     853     127.2927
     854     125.4211
     855     128.6115
     856     130.0665
     857     129.8922
     858     126.1051
     859     126.2464
     860     126.8152
     861     129.3235
     862     131.6954
     863     131.1568
     864     136.9023
     865     130.0493
     866     130.6015
     867     128.4686
     868     130.6888
     869     127.8949
     870     133.9306
     871     130.1959
     872     125.6865
     873     125.6895
     874     129.0861
     875     130.0603
     876     126.4555
     877     126.5284
     878     131.5379
     879     128.8858
     880     129.8077
     881     126.4594
     882     128.0716
     883     133.5011
     884     130.3006
     885     131.8900
     886     130.7825
     887     127.5461
     888     125.9892
     889     125.5977
     890     124.5856
     891     128.8341
     892     129.9045
     893     128.0975
     894     129.5299
     895     124.3379
     896     128.8810
     897     124.4547
     898     124.1473
     899     124.1018
     900     127.5737
     901     128.8943
     902     129.8344
     903     129.6807
     904     128.8613
     905     132.0840
     906     129.6903
     907     128.6775
     908     128.9553
     909     131.5173
     910     132.1098
     911     129.3020
     912     127.6532
     913     125.6622
     914     129.1486
     915     125.2680
     916     126.4468
     917     123.0084
     918     125.3767
     919     126.5748
     920     127.6786
     921     126.5086
     922     127.2510
     923     127.0704
     924     127.5761
     925     124.1733
     926     128.2419
     927     125.6385
     928     129.6230
     929     127.3522
     930     127.5875
     931     129.6874
     932     126.7197
     933     130.8956
     934     128.8304
     935     125.5324
     936     127.0394
     937     123.1844
     938     127.2485
     939     126.6358
     940     129.3713
     941     130.9246
     942     128.4118
     943     129.7377
     944     125.0437
     945     125.8580
     946     127.4747
     947     128.5543
     948     128.4104
     949     129.2101
     950     130.4524
     951     128.3741
     952     131.9748
     953     129.1038
     954     133.5657
     955     132.4964
     956     131.3979
     957     130.9457
     958     129.2940
     959     128.1601
     960     130.0021
     961     130.2330
     962     126.0120
     963     131.8731
     964     130.7601
     965     128.8475
     966     129.6021
     967     130.2107
     968     129.6276
     969     130.1939
     970     128.7059
     971     131.0534
     972     129.9614
     973     131.6240
     974     126.1807
     975     130.6152
     976     129.0106
     977     128.5397
     978     130.4460
     979     126.5367
     980     123.9933
     981     127.6679
     982     134.3158
     983     129.3807
     984     131.6464
     985     128.8909
     986     123.8731
     987     131.2393
     988     131.5505
     989     129.5196
     990     130.6719
     991     127.1386
     992     128.5120
     993     130.4348
     994     128.9789
     995     129.5138
     996     127.3029
     997     121.8772
     998     122.1640
     999     125.5467
    1000     123.6959
    1001     126.3557
    1002     127.0952
    1003     124.6501
    1004     126.1955
    1005     129.0279
    1006     126.2184
    1007     127.6089
    1008     128.6926
    1009     128.5236
    1010     132.2280
    1011     132.0773
    1012     132.0338
    1013     133.7944
    1014     124.9983
    1015     124.2753
    1016     129.6596
    1017     128.8118
    1018     126.4273
    1019     120.8902
    1020     123.7043
    1021     125.6943
    1022     123.7707
    1023     127.0600
    1024     123.5163
    1025     127.9679
    1026     125.9665
    1027     124.7060
    1028     124.9171
    1029     126.3499
    1030     121.6701
    1031     122.0803
    1032     125.0753
    1033     124.5950
    1034     131.8010
    1035     129.5255
    1036     132.9959
    1037     131.6011
    1038     133.1625
    1039     132.4404
    1040     132.1857
    1041     132.7640
    1042     130.2179
    1043     130.4327
    1044     131.8934
    1045     133.0049
    1046     130.2938
    1047     129.6584
    1048     128.6989
    1049     124.6014
    1050     123.7377
    1051     129.2052
    1052     128.6009
    1053     126.4877
    1054     124.7219
    1055     125.0628
    1056     127.2397
    1057     127.2781
    1058     127.4670
    1059     128.4227
    1060     127.6127
    1061     124.6476
    1062     130.9487
    1063     127.9827
    1064     129.4364
    1065     128.9062
    1066     129.3208
    1067     129.6589
    1068     128.3156
    1069     127.3978
    1070     130.3230
    1071     129.1858
    1072     127.7975
    1073     130.2543
    1074     127.7729
    1075     126.7441
    1076     128.3754
    1077     128.6700
    1078     129.1116
    1079     123.6174
    1080     128.0384
    1081     128.2337
    1082     128.7531
    1083     124.6208
    1084     128.4679
    1085     124.9171
    1086     124.0436
    1087     125.1707
    1088     125.5731
    1089     124.2988
    1090     129.5808
    1091     124.6167
    1092     122.9180
    1093     123.8970
    1094     124.2392
    1095     126.3006
    1096     124.1902
    1097     125.6366
    1098     124.7964
    1099     124.2757
    1100     126.5846
    1101     127.6082
    1102     124.9666
    1103     124.6200
    1104     125.2570
    1105     124.3951
    1106     128.3678
    1107     126.4540
    1108     129.5071
    1109     132.6416
    1110     128.5261
    1111     131.4391
    1112     128.0896
    1113     128.4281
    1114     128.0399
    1115     125.5523
    1116     125.6622
    1117     123.3411
    1118     125.2353
    1119     127.5576
    1120     122.1810
    1121     125.3224
    1122     120.3356
    1123     124.3269
    1124     124.6850
    1125     124.5763
    1126     124.7649
    1127     125.1367
    1128     121.1888
    1129     125.2786
    1130     126.9131
    1131     121.5001
    1132     124.4195
    1133     127.3866
    1134     129.0383
    1135     121.9496
    1136     127.1204
    1137     128.3178
    1138     123.2377
    1139     124.0704
    1140     124.7235
    1141     123.0517
    1142     126.4626
    1143     118.7870
    1144     122.6659
    1145     123.6148
    1146     125.4556
    1147     125.8557
    1148     124.6278
    1149     127.0369
    1150     127.0252
    1151     128.6209
    1152     124.0729
    1153     127.3771
    1154     121.7812
    1155     127.1095
    1156     124.7051
    1157     121.0472
    1158     121.2606
    1159     123.9429
    1160     122.2344
    1161     126.3673
    1162     127.1562
    1163     118.5490
    1164     122.2928
    1165     126.5555
    1166     121.5431
    1167     125.6219
    1168     126.8400
    1169     130.4983
    1170     128.2575
    1171     127.6107
    1172     130.5762
    1173     125.7646
    1174     126.5825
    1175     122.3356
    1176     125.4416
    1177     124.8736
    1178     122.7147
    1179     126.1770
    1180     126.5574
    1181     124.3285
    1182     124.1510
    1183     126.7872
    1184     131.1566
    1185     127.4479
    1186     123.9091
    1187     127.9835
    1188     130.2494
    1189     129.1056
    1190     128.5518
    1191     126.4424
    1192     121.7043
    1193     125.3165
    1194     129.2360
    1195     129.0419
    1196     132.1648
    1197     124.2130
    1198     129.3502
    1199     124.3564
    1200     125.9880
    1201     127.3231
    1202     127.2934
    1203     126.0753
    1204     123.1626
    1205     124.1754
    1206     127.8700
    1207     125.9351
    1208     128.5559
    1209     126.7543
    1210     128.2388
    1211     125.6189
    1212     125.1489
    1213     126.6134
    1214     127.6768
    1215     127.2767
    1216     129.6610
    1217     128.6250
    1218     127.9057
    1219     126.7682
    1220     123.4522
    1221     128.6714
    1222     130.4267
    1223     127.5019
    1224     124.2752
    1225     131.3303
    1226     132.6921
    1227     127.1474
    1228     128.2730
    1229     124.6590
    1230     125.0159
    1231     127.5006
    1232     129.9982
    1233     126.0897
    1234     130.9917
    1235     130.6140
    1236     130.0704
    1237     128.7375
    1238     126.5146
    1239     126.6559
    1240     126.1428
    1241     129.2357
    1242     129.3595
    1243     124.2100
    1244     125.6574
    1245     126.8212
    1246     129.0970
    1247     125.7211
    1248     126.9452
    1249     127.7550
    1250     125.1804
    1251     127.8092
    1252     128.0786
    1253     131.5538
    1254     126.8457
    1255     129.7006
    1256     123.4800
    1257     130.7383
    1258     128.0497
    1259     131.8377
    1260     131.5542
    1261     129.1998
    1262     132.4334
    1263     130.0616
    1264     132.2960
    1265     130.2238
    1266     128.4388
    1267     126.7025
    1268     128.6305
    1269     130.1537
    1270     131.0905
    1271     131.4158
    1272     133.1732
    1273     128.6711
    1274     129.4922
    1275     132.4221
    1276     128.5154
    1277     130.8869
    1278     129.1437
    1279     129.8304
    1280     123.4771
    1281     124.0115
    1282     129.3328
    1283     124.6287
    1284     124.3518
    1285     122.9582
    1286     122.8088
    1287     124.4615
    1288     126.5107
    1289     126.1270
    1290     127.8513
    1291     121.2440
    1292     125.0249
    1293     123.1049
    1294     124.4210
    1295     125.4451
    1296     124.1276
    1297     127.8538
    1298     125.8171
    1299     131.7049
    1300     127.8544
    1301     128.6147
    1302     129.3997
    1303     127.4832
    1304     129.8704
    1305     129.9018
    1306     128.6722
    1307     131.6785
    1308     132.5170
    1309     132.3608
    1310     128.6031
    1311     129.9284
    1312     129.6912
    1313     126.8318
    1314     127.5301
    1315     126.3634
    1316     128.6547
    1317     127.3582
    1318     127.3324
    1319     126.2500
    1320     131.0937
    1321     122.4375
    1322     121.8524
    1323     120.8725
    1324     121.6126
    1325     120.5351
    1326     122.9283
    1327     127.2686
    1328     125.7769
    1329     128.5878
    1330     129.3106
    1331     123.7829
    1332     127.0142
    1333     129.9593
    1334     128.7914
    1335     130.6558
    1336     129.2710
    1337     126.2249
    1338     132.7747
    1339     127.0949
    1340     128.7256
    1341     127.9603
    1342     130.1965
    1343     130.8190
    1344     126.6205
    1345     129.1644
    1346     131.1513
    1347     129.0150
    1348     131.3959
    1349     130.6197
    1350     127.6327
    1351     129.5994
    1352     127.0310
    1353     127.6757
    1354     122.7446
    1355     125.8914
    1356     129.3324
    1357     131.6785
    1358     130.0598
    1359     127.9197
    1360     123.9910
    1361     126.5991
    1362     128.6426
    1363     127.2223
    1364     129.0242
    1365     128.7540
    1366     128.4712
    1367     130.1492
    1368     128.2638
    1369     130.3195
    1370     127.8141
    1371     120.8012
    1372     128.2985
    1373     124.7868
    1374     123.8391
    1375     126.8509
    1376     126.0749
    1377     126.0681
    1378     126.2460
    1379     128.8908
    1380     128.7376
    1381     123.8350
    1382     127.9388
    1383     126.6885
    1384     124.7957
    1385     127.9235
    1386     127.4016
    1387     129.1648
    1388     126.2506
    1389     127.2747
    1390     130.0093
    1391     129.0890
    1392     124.9224
    1393     128.0417
    1394     126.3845
    1395     126.0912
    1396     125.3827
    1397     122.7686
    1398     125.8641
    1399     126.1146
    1400     124.6515
    1401     116.9813
    1402     117.8135
    1403     121.9393
    1404     118.2776
    1405     119.1868
    1406     121.9026
    1407     120.8460
    1408     120.7240
    1409     123.9095
    1410     124.4276
    1411     126.6304
    1412     121.7529
    1413     126.6106
    1414     124.2505
    1415     124.4998
    1416     124.2695
    1417     124.6601
    1418     122.4645
    1419     124.3277
    1420     123.8426
    1421     125.3748
    1422     123.5440
    1423     121.7697
    1424     125.6400
    1425     121.3811
    1426     120.6332
    1427     122.8530
    1428     125.1421
    1429     119.4193
    1430     123.3720
    1431     121.3362
    1432     117.6123
    1433     116.6709
    1434     122.1035
    1435     124.1185
    1436     116.7356
    1437     118.8229
    1438     118.8874
    1439     119.9321
    1440     122.4317
    1441     119.6495
    1442     117.8392
    1443     121.4542
    1444     119.4485
    1445     119.5215
    1446     118.3584
    1447     122.1473
    1448     122.9031
    1449     120.3886
    1450     121.3245
    1451     125.1986
    1452     125.4500
    1453     128.1115
    1454     121.1261
    1455     123.7878
    1456     122.2906
    1457     119.8060
    1458     121.1197
    1459     123.5337
    1460     122.0186
    1461     121.4336
    1462     119.9404
    1463     120.5579
    1464     118.4850
    1465     122.7177
    1466     120.2632
    1467     122.7540
    1468     121.0795
    1469     123.2228
    1470     121.0403
    1471     119.9042
    1472     124.8033
    1473     122.0469
    1474     123.5858
    1475     126.2596
    1476     123.5944
    1477     124.7815
    1478     121.4565
    1479     126.6909
    1480     125.6704
    1481     125.6139
    1482     120.0365
    1483     122.8312
    1484     125.6716
    1485     123.1510
    1486     124.8284
    1487     121.8710
    1488     122.8154
    1489     123.9464
    1490     120.8223
    1491     122.1385
    1492     122.4605
    1493     119.4139
    1494     122.9524
    1495     122.8904
    1496     119.6887
    1497     122.6185
    1498     121.6538
    1499     121.8405
    1500     120.9980
    1501     115.3134
    1502     118.5795
    1503     117.8182
    1504     119.0924
    1505     119.0153
    1506     122.4854
    1507     120.4645
    1508     118.7139
    1509     124.6649
    1510     121.6225
    1511     125.3727
    1512     127.2874
    1513     124.9195
    1514     124.3469
    1515     128.2739
    1516     127.6021
    1517     128.3647
    1518     122.6463
    1519     126.1031
    1520     121.7811
    1521     122.5800
    1522     125.2396
    1523     123.2853
    1524     123.8877
    1525     124.4616
    1526     125.5590
    1527     126.4774
    1528     124.0185
    1529     121.3891
    1530     124.1864
    1531     125.0862
    1532     123.5368
    1533     127.1429
    1534     120.9388
    1535     122.5782
    1536     125.3212
    1537     126.2411
    1538     124.0623
    1539     124.4637
    1540     124.4250
    1541     119.6764
    1542     123.0073
    1543     123.3715
    1544     121.6041
    1545     123.2318
    1546     122.1084
    1547     124.1296
    1548     124.7551
    1549     120.3706
    1550     119.8628
    1551     121.7800
    1552     120.5380
    1553     119.1650
    1554     118.5099
    1555     121.5746
    1556     118.9127
    1557     121.8162
    1558     121.5266
    1559     124.3298
    1560     123.9499
    1561     120.5321
    1562     120.3895
    1563     119.5348
    1564     121.1442
    1565     119.2848
    1566     120.7275
    1567     123.1291
    1568     122.7531
    1569     121.7905
    1570     123.5746
    1571     127.1977
    1572     122.5336
    1573     122.9098
    1574     124.3643
    1575     122.2244
    1576     125.8754
    1577     126.2492
    1578     123.3690
    1579     124.5147
    1580     122.3606
    1581     122.2995
    1582     125.1888
    1583     120.7994
    1584     123.1445
    1585     123.1612
    1586     123.1612
    1587     126.0834
    1588     125.2933
    1589     127.6684
    1590     124.3754
    1591     125.1249
    1592     123.5321
    1593     122.5000
    1594     124.6500
    1595     122.0850
    1596     127.8162
    1597     121.9145
    1598     126.0554
    1599     125.9911
    1600     125.5357
    1601     126.6020
    1602     120.5290
    1603     124.2488
    1604     126.3938
    1605     125.3147
    1606     129.1888
    1607     124.2495
    1608     124.3217
    1609     124.7051
    1610     125.0374
    1611     125.5008
    1612     126.7042
    1613     125.9076
    1614     133.6352
    1615     129.6670
    1616     126.4412
    1617     128.5375
    1618     127.8541
    1619     126.6051
    1620     127.0736
    1621     122.5006
    1622     128.3720
    1623     124.1724
    1624     128.1463
    1625     123.5914
    1626     126.3285
    1627     121.2983
    1628     123.9469
    1629     125.0067
    1630     122.3216
    1631     124.5362
    1632     121.5221
    1633     125.8756
    1634     128.5593
    1635     124.1204
    1636     127.7524
    1637     127.0266
    1638     124.7685
    1639     124.6431
    1640     124.5458
    1641     128.9093
    1642     127.7480
    1643     125.4147
    1644     123.5188
    1645     123.5985
    1646     123.1289
    1647     125.6751
    1648     127.4549
    1649     128.0800
    1650     127.9469
    1651     124.9999
    1652     121.3822
    1653     126.0102
    1654     125.0726
    1655     122.5158
    1656     122.7864
    1657     127.4412
    1658     124.2949
    1659     120.6891
    1660     123.1849
    1661     121.8261
    1662     124.2362
    1663     121.2089
    1664     121.4521
    1665     123.8231
    1666     123.5614
    1667     125.2475
    1668     121.1144
    1669     128.8485
    1670     127.4045
    1671     127.9221
    1672     129.0855
    1673     129.9393
    1674     126.3483
    1675     128.2216
    1676     125.2231
    1677     127.1008
    1678     127.4553
    1679     126.9154
    1680     125.2792
    1681     126.6140
    1682     128.6491
    1683     127.6804
    1684     126.3284
    1685     126.7360
    1686     122.0575
    1687     123.2099
    1688     125.1142
    1689     124.0317
    1690     124.4222
    1691     123.6065
    1692     119.0056
    1693     121.1710
    1694     122.8997
    1695     124.4959
    1696     123.4737
    1697     120.7466
    1698     124.1031
    1699     122.5952
    1700     122.2991
    1701     119.1891
    1702     120.5332
    1703     120.6827
    1704     128.2538
    1705     121.8690
    1706     121.4164
    1707     125.8116
    1708     124.9460
    1709     123.7211
    1710     127.6130
    1711     127.9698
    1712     128.0379
    1713     127.2828
    1714     125.1572
    1715     128.6106
    1716     127.1677
    1717     126.0150
    1718     126.2841
    1719     128.5282
    1720     126.9342
    1721     125.7201
    1722     124.2986
    1723     124.1161
    1724     128.5809
    1725     126.3818
    1726     125.5687
    1727     128.0885
    1728     125.6829
    1729     123.5294
    1730     125.9246
    1731     125.1750
    1732     128.7137
    1733     126.1317
    1734     124.3655
    1735     124.3517
    1736     128.5741
    1737     132.1412
    1738     131.1983
    1739     126.9370
    1740     126.0084
    1741     127.6001
    1742     130.3250
    1743     128.3928
    1744     129.5406
    1745     128.6573
    1746     129.7434
    1747     130.3894
    1748     131.3328
    1749     128.6960
    1750     131.2841
    1751     126.7290
    1752     124.8980
    1753     129.0109
    1754     129.9944
    1755     128.8393
    1756     130.5720
    1757     129.0252
    1758     131.2188
    1759     129.6159
    1760     129.7035
    1761     127.9969
    1762     130.4737
    1763     132.3219
    1764     131.1860
    1765     129.2494
    1766     126.4323
    1767     122.6775
    1768     127.3303
    1769     126.9081
    1770     126.9364
    1771     126.3749
    1772     128.9006
    1773     130.4011
    1774     130.0666
    1775     129.4742
    1776     129.6938
    1777     129.5348
    1778     132.2754
    1779     129.6252
    1780     128.1818
    1781     130.8899
    1782     127.9261
    1783     129.5115
    1784     128.5629
    1785     131.4328
    1786     130.3274
    1787     135.4317
    1788     132.3268
    1789     128.8392
    1790     129.6067
    1791     125.0129
    1792     129.5481
    1793     128.8012
    1794     132.1392
    1795     132.8114
    1796     130.5591
    1797     131.2307
    1798     131.8168
    1799     131.0547
    1800     133.5233
    1801     129.3935
    1802     129.2378
    1803     130.5672
    1804     130.4355
    1805     131.5432
    1806     132.7677
    1807     133.1772
    1808     133.7939
    1809     130.0861
    1810     130.0847
    1811     128.4263
    1812     126.7140
    1813     130.2337
    1814     126.8611
    1815     124.2613
    1816     124.9813
    1817     130.2884
    1818     132.1597
    1819     131.9056
    1820     132.7824
    1821     132.7751
    1822     129.0311
    1823     129.0276
    1824     129.0482
    1825     131.1795
    1826     130.5942
    1827     126.3123
    1828     126.3888
    1829     128.1865
    1830     128.2185
    1831     127.8561
    1832     132.4702
    1833     133.2256
    1834     132.8150
    1835     133.8918
    1836     133.8559
    1837     132.5542
    1838     132.7199
    1839     133.9146
    1840     132.6724
    1841     133.9680
    1842     134.2055
    1843     133.0282
    1844     131.3761
    1845     133.7894
    1846     132.4347
    1847     126.9072
    1848     133.4345
    1849     135.7535
    1850     133.9556
    1851     132.5976
    1852     131.1943
    1853     131.7963
    1854     133.5280
    1855     131.4072
    1856     134.0080
    1857     135.8508
    1858     134.0485
    1859     134.2857
    1860     130.2240
    1861     131.2379
    1862     129.5998
    1863     133.6173
    1864     130.5110
    1865     128.1869
    1866     130.1181
    1867     136.0758
    1868     130.7493
    1869     134.3721
    1870     131.2134
    1871     130.7118
    1872     133.1864
    1873     131.9239
    1874     128.0757
    1875     129.4877
    1876     127.3688
    1877     130.6062
    1878     129.8630
    1879     130.9591
    1880     129.7423
    1881     132.7485
    1882     129.9729
    1883     132.2693
    1884     130.8751
    1885     130.2623
    1886     127.9599
    1887     129.7604
    1888     129.8891
    1889     131.8927
    1890     126.9009
    1891     134.4435
    1892     135.1038
    1893     133.7087
    1894     129.8579
    1895     131.7990
    1896     128.8536
    1897     129.8004
    1898     136.6093
    1899     132.3872
    1900     128.4505
    1901     133.0799
    1902     136.1507
    1903     131.7698
    1904     128.4138
    1905     132.6548
    1906     129.7723
    1907     127.0835
    1908     129.6638
    1909     129.1052
    1910     132.1884
    1911     128.4804
    1912     126.9576
    1913     127.4647
    1914     127.6961
    1915     127.4678
    1916     127.1321
    1917     130.5360
    1918     129.5584
    1919     131.6390
    1920     134.1252
    1921     129.6023
    1922     131.5831
    1923     130.2372
    1924     130.0994
    1925     131.0550
    1926     129.4920
    1927     129.9921
    1928     129.5321
    1929     127.2160
    1930     133.3333
    1931     125.5472
    1932     129.1798
    1933     130.4728
    1934     129.7589
    1935     129.1525
    1936     127.2679
    1937     130.6138
    1938     130.2796
    1939     128.4078
    1940     129.0900
    1941     127.7536
    1942     128.4232
    1943     128.8991
    1944     128.5122
    1945     126.8332
    1946     132.2562
    1947     127.7765
    1948     125.2613
    1949     128.2264
    1950     130.5441
    1951     130.7745
    1952     129.7643
    1953     130.4914
    1954     127.7865
    1955     130.8909
    1956     127.2337
    1957     127.8521
    1958     125.9580
    1959     130.7796
    1960     128.9699
    1961     127.7723
    1962     134.5880
    1963     130.9337
    1964     125.1317
    1965     129.5602
    1966     132.6637
    1967     131.5583
    1968     131.7946
    1969     131.6107
    1970     131.8094
    1971     132.0573
    1972     128.4466
    1973     136.4429
    1974     132.6799
    1975     132.7395
    1976     130.8526
    1977     132.6351
    1978     133.1948
    1979     130.1591
    1980     129.2386
    1981     128.7974
    1982     129.8539
    1983     127.2334
    1984     130.9185
    1985     130.2840
    1986     130.4065
    1987     129.8443
    1988     127.4573
    1989     124.8604
    1990     124.7258
    1991     128.0603
    1992     130.0957
    1993     125.3136
    1994     127.0323
    1995     132.3102
    1996     131.3983
    1997     130.4953
    1998     131.2249
    1999     128.0662
    2000     129.1561
    2001     127.9848
    2002     128.3103
    2003     126.9769
    2004     126.9838
    2005     128.3458
    2006     128.3710
    2007     127.6127
    2008     126.7182
    2009     130.0695
    2010     127.0361
    2011     126.5025
    2012     128.4595
    2013     128.0127
    2014     129.5746
    2015     129.1753
    2016     129.5754
    2017     126.8097
    2018     124.8885
    2019     129.7081
    2020     126.8021
    2021     125.2946
    2022     125.4127
    2023     125.2460
    2024     125.8316
    2025     126.7183
    2026     128.1089
    2027     124.9352
    2028     123.5213
    2029     124.4193
    2030     123.2159
    2031     126.9551
    2032     127.3775
    2033     126.0832
    2034     123.6429
    2035     124.8906
    2036     126.2328
    2037     126.9702
    2038     124.8723
    2039     123.5230
    2040     124.0952
    2041     121.0010
    2042     126.5005
    2043     126.1405
    2044     126.5803
    2045     128.9238
    2046     127.7327
    2047     130.9001
    2048     127.9191
    2049     130.3312
    2050     129.0916
    2051     129.0282
    2052     132.1354
    2053     129.6666
    2054     133.7747
    2055     129.3830
    2056     125.0943
    2057     129.2028
    2058     127.8543
    2059     125.8676
    2060     122.7423
    2061     122.4498
    2062     128.5434
    2063     128.1740
    2064     122.5531
    2065     122.3467
    2066     126.2361
    2067     128.2567
    2068     127.5716
    2069     130.8202
    2070     127.9901
    2071     124.1939
    2072     129.5120
    2073     128.3516
    2074     125.9240
    2075     126.5578
    2076     128.0575
    2077     127.6029
    2078     127.7342
    2079     125.7613
    2080     127.6004
    2081     127.9358
    2082     126.1723
    2083     127.1607
    2084     127.8793
    2085     127.2466
    2086     124.7948
    2087     124.8608
    2088     125.3906
    2089     129.8797
    2090     128.1345
    2091     124.5144
    2092     122.1583
    2093     126.8141
    2094     128.6177
    2095     126.0383
    2096     125.1184
    2097     125.8452
    2098     128.4440
    2099     123.9244
    2100     125.4217
    2101     124.0001
    2102     124.4378
    2103     125.3304
    2104     129.4481
    2105     128.6595
    2106     128.4069
    2107     124.9802
    2108     128.4000
    2109     124.0896
    2110     130.2084
    2111     130.3195
    2112     127.1412
    2113     129.5604
    2114     128.8676
    2115     127.0625
    2116     124.8350
    2117     128.6060
    2118     127.6226
    2119     128.5292
    2120     131.4949
    2121     127.9342
    2122     128.7699
    2123     130.9508
    2124     128.0615
    2125     131.8113
    2126     127.5572
    2127     129.6373
    2128     131.5684
    2129     131.6298
    2130     133.2703
    2131     134.4579
    2132     127.7892
    2133     132.9849
    2134     132.0984
    2135     131.7719
    2136     130.5985
    2137     128.0756
    2138     129.6673
    2139     127.5836
    2140     128.7237
    2141     126.9338
    2142     129.3746
    2143     131.4913
    2144     129.5827
    2145     127.9731
    2146     131.0411
    2147     131.1185
    2148     132.0113
    2149     132.4334
    2150     132.8528
    2151     132.5789
    2152     132.4680
    2153     132.6429
    2154     132.2271
    2155     130.2696
    2156     131.3157
    2157     130.0303
    2158     129.3392
    2159     128.9046
    2160     128.7799
    2161     131.1182
    2162     129.8909
    2163     132.3434
    2164     127.3006
    2165     133.0786
    2166     133.8899
    2167     133.2288
    2168     131.8295
    2169     130.1687
    2170     131.1502
    2171     130.3146
    2172     130.5920
    2173     129.1929
    2174     130.7567
    2175     128.3696
    2176     131.1422
    2177     131.4287
    2178     130.0057
    2179     131.0370
    2180     130.3823
    2181     131.0499
    2182     130.6201
    2183     132.6639
    2184     132.7995
    2185     133.6920
    2186     132.5389
    2187     131.7206
    2188     128.4493
    2189     130.2364
    2190     132.4254
    2191     130.4452
    2192     133.4929
    2193     130.1346
    2194     129.0477
    2195     127.7054
    2196     125.2701
    2197     126.8810
    2198     133.0181
    2199     130.2182
    2200     134.8481
    2201     130.8691
    2202     131.9714
    2203     126.8213
    2204     132.4096
    2205     131.0637
    2206     130.7754
    2207     133.6755
    2208     129.8588
    2209     131.1095
    2210     129.0813
    2211     133.3222
    2212     131.8374
    2213     129.7929
    2214     129.4487
    2215     130.8941
    2216     129.1478
    2217     131.6149
    2218     133.5874
    2219     133.3249
    2220     133.6476
    2221     131.7466
    2222     135.3889
    2223     134.4257
    2224     135.2169
    2225     132.3159
    2226     132.2394
    2227     131.2972
    2228     133.9647
    2229     133.2895
    2230     130.6472
    2231     133.0038
    2232     130.9149
    2233     131.2996
    2234     129.8673
    2235     131.1224
    2236     132.2495
    2237     131.8689
    2238     128.6338
    2239     130.7152
    2240     130.9159
    2241     133.7902
    2242     132.6065
    2243     130.4829
    2244     129.1231
    2245     128.5867
    2246     131.5147
    2247     133.2245
    2248     135.3780
    2249     134.1812
    2250     132.7987
    2251     133.0477
