Average RMSF of side chains and bases atoms of nucleosome
Generated by VMD rmsf
Residue ID
RMSF, A
Resid	H1
1	5.777247905731201
2	0
3	3.849163770675659
4	3.144236167271932
5	2.5143917401631675
6	2.5217546224594116
7	3.3282007217407226
8	2.749148428440094
9	2.036151349544525
10	2.508681615193685
11	3.308977794647217
12	2.279559373855591
13	2.2592709064483643
14	2.822695255279541
15	2.883723258972168
16	3.168434739112854
17	4.397061157226562
18	3.228369379043579
19	4.0103225367409845
20	2.5070273876190186
21	0
22	1.9926774104436238
23	1.4233145713806152
24	1.5589973330497742
25	1.4389106035232544
26	1.6194887161254883
27	2.056003749370575
28	1.924675703048706
29	2.2737444162368776
30	2.0450711250305176
31	2.134544551372528
32	2.2126193046569824
33	2.493748664855957
34	2.5988690853118896
35	0
36	2.346784681081772
37	2.9266926646232605
38	2.2705955505371094
39	3.192125988006592
40	3.2978732109069826
41	2.321639835834503
42	2.3438066244125366
43	2.3218142986297607
44	2.8481851645878384
45	1.888213962316513
46	1.886969017982483
47	2.604887068271637
48	0
49	1.8259716033935547
50	2.6303701877593992
51	2.459250807762146
52	2.222657859325409
53	2.134089152018229
54	2.6463781595230103
55	3.0487618923187254
56	0
57	2.569434722264608
58	2.187715709209442
59	2.335776170094808
60	1.7154196739196776
61	1.9042391777038574
62	1.9908141374588013
63	0
64	2.7931607564290366
65	0
66	1.5653929710388184
67	2.2994903326034546
68	0
69	1.4878234267234802
70	1.7192600114004952
71	2.372998070716858
72	2.6441452503204346
73	2.803960382938385
74	5.621932601928711
75	6.704980659484863
