Average RMSF of side chains and bases atoms of nucleosome
Generated by VMD rmsf
Residue ID
RMSF, A
Resid	H1
1	5.173050880432129
2	0
3	3.279658238093058
4	2.983686923980713
5	2.264739672342936
6	2.391648530960083
7	3.024746561050415
8	2.4469449520111084
9	1.8646674454212189
10	2.192994991938273
11	2.9535122871398927
12	1.9300388097763062
13	1.9034663836161296
14	2.2577242851257324
15	2.2967689037323
16	2.1778594255447388
17	3.6754053115844725
18	2.775779438018799
19	3.0867513929094588
20	2.1400721073150635
21	0
22	1.9559597969055176
23	1.3603872656822205
24	1.488668531179428
25	1.434356451034546
26	1.5534799098968506
27	1.9428358674049377
28	1.6741389274597167
29	2.2243893146514893
30	1.8805888891220093
31	2.003440499305725
32	2.0704052448272705
33	2.2927823066711426
34	2.3872170448303223
35	0
36	2.1584399342536926
37	2.6401816606521606
38	2.169251561164856
39	3.2200527667999266
40	2.9376662254333494
41	2.224563181400299
42	1.8736601173877716
43	2.1851781606674194
44	2.352029255458287
45	1.8107348084449768
46	1.7739838123321534
47	2.500406563282013
48	0
49	1.928833246231079
50	2.681450080871582
51	2.4531586170196533
52	2.092009484767914
53	2.0531966288884482
54	2.5989863872528076
55	2.989470195770264
56	0
57	2.435723066329956
58	2.0949192345142365
59	2.3145858446756997
60	1.8329992532730102
61	1.862133304278056
62	2.3399794816970827
63	0
64	2.2044537464777627
65	0
66	1.517939567565918
67	1.633005440235138
68	0
69	1.4637809991836548
70	1.6637445858546667
71	2.3573609828948974
72	2.3940317630767822
73	2.588505804538727
74	4.507979202270508
75	6.440597820281982
