RMSF of CA or P atoms of nucleosome
Generated by VMD rmsf
Residue ID
RMSF, A
Resid	H1
1	4.477293014526367
2	3.5736756324768066
3	3.0845487117767334
4	2.6860055923461914
5	2.227839469909668
6	2.1622235774993896
7	2.315962076187134
8	2.1791844367980957
9	1.9036979675292969
10	2.0557026863098145
11	2.184913158416748
12	1.964203953742981
13	1.862646222114563
14	2.154954671859741
15	2.2291131019592285
16	2.092763900756836
17	2.3262276649475098
18	2.0829243659973145
19	2.1688785552978516
20	1.9101104736328125
21	1.7193140983581543
22	1.5593067407608032
23	1.3645339012145996
24	1.3889766931533813
25	1.4147011041641235
26	1.5301086902618408
27	1.5862908363342285
28	1.6187667846679688
29	1.7767404317855835
30	1.9009814262390137
31	1.9706543684005737
32	2.099687099456787
33	2.314429998397827
34	2.4268035888671875
35	2.529428005218506
36	2.267982244491577
37	2.209770441055298
38	1.9459030628204346
39	2.0973401069641113
40	2.0943076610565186
41	1.9506360292434692
42	1.7321609258651733
43	1.7970575094223022
44	1.9307966232299805
45	1.7813829183578491
46	1.7095727920532227
47	1.9503380060195923
48	1.9704561233520508
49	1.808985948562622
50	1.9898794889450073
51	2.207444906234741
52	2.097411870956421
53	2.078294038772583
54	2.413217306137085
55	2.549091100692749
56	2.427546501159668
57	2.2532129287719727
58	1.9869663715362549
59	1.965192198753357
60	1.7242538928985596
61	1.7285645008087158
62	1.6284571886062622
63	1.6230725049972534
64	1.7575066089630127
65	1.82608163356781
66	1.5013455152511597
67	1.4027767181396484
68	1.3281941413879395
69	1.4364804029464722
70	1.6156349182128906
71	1.7799975872039795
72	1.9995484352111816
73	2.2698004245758057
74	3.006053924560547
75	4.231629371643066
