RMSF of CA or P atoms of nucleosome
Generated by VMD rmsf
Residue ID
RMSF, A
Resid	H1
1	5.254179000854492
2	4.361278533935547
3	3.542351484298706
4	2.882420301437378
5	2.3936679363250732
6	2.291565179824829
7	2.5434322357177734
8	2.4392714500427246
9	2.1205201148986816
10	2.35380482673645
11	2.590176820755005
12	2.356729030609131
13	2.2650437355041504
14	2.712409019470215
15	2.852257013320923
16	2.8363420963287354
17	3.1238715648651123
18	2.591296672821045
19	2.593987226486206
20	2.201180934906006
21	1.8103708028793335
22	1.6236246824264526
23	1.4422849416732788
24	1.4558513164520264
25	1.450602650642395
26	1.6007870435714722
27	1.6998924016952515
28	1.7381988763809204
29	1.9109165668487549
30	2.064140796661377
31	2.123966932296753
32	2.2566540241241455
33	2.5116589069366455
34	2.6491904258728027
35	2.751347064971924
36	2.459768772125244
37	2.411207675933838
38	2.0996592044830322
39	2.2673091888427734
40	2.3559510707855225
41	2.12385630607605
42	1.9657022953033447
43	1.9974415302276611
44	2.0388541221618652
45	1.8585472106933594
46	1.7974900007247925
47	2.0105020999908447
48	2.0317816734313965
49	1.8802379369735718
50	2.035888195037842
51	2.250943422317505
52	2.2032692432403564
53	2.167099952697754
54	2.4750287532806396
55	2.6250786781311035
56	2.5601823329925537
57	2.411789655685425
58	2.094444751739502
59	1.9966137409210205
60	1.7918809652328491
61	1.8188494443893433
62	1.8441280126571655
63	2.4976789951324463
64	2.1896753311157227
65	1.7334442138671875
66	1.52033269405365
67	1.8034204244613647
68	1.4321362972259521
69	1.4794765710830688
70	1.6643173694610596
71	1.9200952053070068
72	2.2376036643981934
73	2.4799506664276123
74	3.3750760555267334
75	4.608213901519775
