Average RMSF of side chains and bases atoms of nucleosome
Generated by VMD rmsf
Residue ID
RMSF, A
Resid	H1
1	5.865317344665527
2	0
3	4.089996417363484
4	3.556420087814331
5	2.855631669362386
6	2.854456901550293
7	3.4854780197143556
8	3.0015379786491394
9	2.2790181040763855
10	2.6242153644561768
11	3.411682462692261
12	2.3619449138641357
13	2.2204911708831787
14	2.7282514572143555
15	2.785707473754883
16	2.541780114173889
17	4.141228437423706
18	3.0393644332885743
19	3.866542782102312
20	2.32002329826355
21	0
22	2.1600679953893027
23	1.5163737535476685
24	1.7258667647838593
25	1.5719058513641357
26	1.757354736328125
27	2.2126530408859253
28	2.0395740270614624
29	2.434458303451538
30	2.281071662902832
31	2.4304306507110596
32	2.531075954437256
33	2.8114700317382813
34	2.958695650100708
35	0
36	2.735633432865143
37	3.3267663717269897
38	2.5658162434895835
39	3.4376830101013183
40	3.5255774974823
41	2.7536540031433105
42	2.4510114192962646
43	2.636085867881775
44	3.1518258367265974
45	2.255857765674591
46	2.0786643505096434
47	2.934909701347351
48	0
49	2.1911728978157043
50	2.962721586227417
51	2.765857458114624
52	2.4467023611068726
53	2.332974354426066
54	2.8480128049850464
55	3.3071301937103272
56	0
57	2.7331013679504395
58	2.3508941531181335
59	2.474944591522217
60	1.995348072052002
61	2.0438590049743652
62	2.5471729755401613
63	0
64	2.6257389386494956
65	0
66	1.8230829238891602
67	1.7146666049957275
68	0
69	1.6171064972877502
70	1.8846892288752966
71	2.658684778213501
72	2.7421042919158936
73	2.8927854895591736
74	4.857548475265503
75	7.230536079406738
