RMSF of CA or P atoms of nucleosome
Generated by VMD rmsf
Residue ID
RMSF, A
Resid	H1
1	5.369940280914307
2	4.563149929046631
3	3.833789110183716
4	3.2576353549957275
5	2.7576520442962646
6	2.627403497695923
7	2.8174781799316406
8	2.6923365592956543
9	2.3372132778167725
10	2.4842543601989746
11	2.6755566596984863
12	2.413099527359009
13	2.2534539699554443
14	2.6110007762908936
15	2.7242908477783203
16	2.537571907043457
17	2.881009340286255
18	2.5565459728240967
19	2.5526154041290283
20	2.1337802410125732
21	1.9840302467346191
22	1.7989418506622314
23	1.5401921272277832
24	1.5925265550613403
25	1.5959117412567139
26	1.7477153539657593
27	1.8690588474273682
28	1.9545657634735107
29	2.1264939308166504
30	2.3212108612060547
31	2.4365944862365723
32	2.5963096618652344
33	2.850288152694702
34	3.0171971321105957
35	3.152017116546631
36	2.8645644187927246
37	2.830648899078369
38	2.426378011703491
39	2.5720021724700928
40	2.7369048595428467
41	2.514714241027832
42	2.2661049365997314
43	2.3297572135925293
44	2.4341297149658203
45	2.222414493560791
46	2.1273152828216553
47	2.3756468296051025
48	2.375492811203003
49	2.1433472633361816
50	2.291731357574463
51	2.52079701423645
52	2.4190757274627686
53	2.348310708999634
54	2.673658847808838
55	2.833855152130127
56	2.702362537384033
57	2.5910050868988037
58	2.279475212097168
59	2.1813080310821533
60	1.9968537092208862
61	1.9972412586212158
62	1.9606295824050903
63	1.985735535621643
64	2.116431951522827
65	2.1525158882141113
66	1.8116345405578613
67	1.6163264513015747
68	1.5123913288116455
69	1.6428426504135132
70	1.8659594058990479
71	2.064100742340088
72	2.328031301498413
73	2.5430667400360107
74	3.0697073936462402
75	5.005475997924805
