#Frame         angle1
       1     125.2024
       2     114.6540
       3     119.3236
       4     119.1863
       5     120.2570
       6     115.1097
       7     109.4154
       8     118.4092
       9     114.3718
      10     113.3827
      11     115.2792
      12     121.5353
      13     119.1484
      14     120.3429
      15     120.1607
      16     115.6728
      17     115.4157
      18     123.6322
      19     128.0496
      20     118.5119
      21     124.7996
      22     117.7072
      23     123.3624
      24     117.8071
      25     122.5115
      26     126.9817
      27     117.5720
      28     128.4148
      29     120.5618
      30     123.9501
      31     122.2493
      32     121.1633
      33     127.2977
      34     130.8556
      35     123.3039
      36     122.0290
      37     125.2107
      38     116.8977
      39     116.4529
      40     120.1401
      41     116.6729
      42     117.1027
      43     117.1424
      44     111.8319
      45     113.0446
      46     120.0698
      47     112.8712
      48     117.7811
      49     108.1707
      50     109.4507
      51     114.2368
      52     115.0313
      53     114.3407
      54     115.2682
      55     116.4854
      56     112.4137
      57     111.3998
      58     116.1571
      59     107.9341
      60     113.7596
      61     108.7794
      62     110.5861
      63     110.5263
      64     112.3832
      65     115.7076
      66     111.9740
      67     111.8485
      68     114.4395
      69     108.5332
      70     114.8592
      71     115.5276
      72     116.7156
      73     110.9612
      74     117.7404
      75     115.5901
      76     109.6188
      77     115.9487
      78     116.0941
      79     116.0638
      80     114.4904
      81     113.3476
      82     113.3249
      83     116.6277
      84     117.2436
      85     116.2868
      86     120.2451
      87     117.6383
      88     109.8044
      89     115.7108
      90     113.0251
      91     113.1654
      92     113.4341
      93     114.5023
      94     114.2052
      95     113.6630
      96     116.9236
      97     117.1681
      98     121.6838
      99     117.5480
     100     122.0513
     101     122.8721
     102     116.3847
     103     122.8392
     104     122.1581
     105     122.9383
     106     122.5908
     107     124.9748
     108     128.0937
     109     126.4077
     110     128.4138
     111     126.3611
     112     120.7281
     113     122.2875
     114     126.9761
     115     125.2916
     116     121.7431
     117     128.0496
     118     126.5335
     119     125.0780
     120     126.4202
     121     128.9419
     122     128.6926
     123     130.0394
     124     127.2327
     125     128.7896
     126     125.3379
     127     124.2649
     128     127.9194
     129     125.4349
     130     127.6963
     131     127.3063
     132     127.6994
     133     127.6921
     134     126.8052
     135     130.2320
     136     128.2867
     137     125.9452
     138     129.2677
     139     125.4523
     140     125.0637
     141     125.8610
     142     126.8999
     143     128.1809
     144     127.9285
     145     126.2396
     146     126.5115
     147     128.2453
     148     128.5219
     149     127.8568
     150     127.5867
     151     127.4032
     152     122.7234
     153     126.3232
     154     128.8859
     155     125.0369
     156     126.4139
     157     127.9701
     158     126.0624
     159     129.1216
     160     124.3657
     161     126.6267
     162     124.2917
     163     113.9477
     164     115.2895
     165     116.2259
     166     121.4980
     167     118.4889
     168     119.3670
     169     118.7061
     170     115.0330
     171     114.0686
     172     113.2326
     173     113.1647
     174     112.8277
     175     108.9663
     176     104.5872
     177     112.1363
     178     110.0236
     179     112.9329
     180     110.9648
     181     110.0562
     182     112.6541
     183     109.9029
     184     115.2635
     185     117.8474
     186     116.8480
     187     121.3868
     188     114.2234
     189     114.3577
     190     114.4415
     191     113.6689
     192     111.9301
     193     112.7869
     194     114.2681
     195     112.5680
     196     115.5547
     197     110.1797
     198     112.6156
     199     115.2696
     200     115.9805
     201     113.7945
     202     117.3473
     203     117.0323
     204     117.0769
     205     116.8389
     206     113.9353
     207     118.7846
     208     115.3438
     209     113.7275
     210     118.2209
     211     116.4439
     212     112.2134
     213     115.1245
     214     111.8661
     215     109.1660
     216     109.6799
     217     111.8767
     218     108.9577
     219     111.8970
     220     113.6358
     221     109.8486
     222     112.1638
     223     115.7307
     224     108.5365
     225     110.7865
     226     109.5083
     227     109.0301
     228     112.7601
     229     114.1553
     230     114.9216
     231     114.7866
     232     111.7143
     233     115.5988
     234     110.5282
     235     110.7594
     236     106.4362
     237     113.2358
     238     107.8415
     239     110.6456
     240     107.8986
     241     109.9266
     242     107.9726
     243     105.3377
     244     107.3113
     245     104.8693
     246     108.7316
     247     110.2889
     248     110.4708
     249     109.4727
     250     107.1461
     251     112.1417
     252     109.5375
     253     111.0650
     254     111.2918
     255     114.6791
     256     112.1803
     257     107.5550
     258     118.6007
     259     109.8372
     260     113.6952
     261     109.8987
     262     112.3961
     263     109.4402
     264     109.5138
     265     107.6103
     266     110.5161
     267     113.7981
     268     114.9966
     269     110.6381
     270     113.1083
     271     110.2298
     272     110.6565
     273     108.7100
     274     111.6980
     275     110.7999
     276     115.8322
     277     111.4277
     278     110.7970
     279     108.2916
     280     113.6357
     281     110.5998
     282     113.6625
     283     114.6336
     284     110.1824
     285     112.7989
     286     112.8779
     287     106.9469
     288     110.6149
     289     113.0368
     290     110.2055
     291     109.5871
     292     112.3297
     293     107.3682
     294     112.0155
     295     109.5729
     296     110.5843
     297     110.1890
     298     107.9178
     299     114.2888
     300     106.9829
     301     111.5066
     302     108.7602
     303     110.5729
     304     112.5983
     305     111.7470
     306     114.4077
     307     112.6875
     308     111.2653
     309     115.1108
     310     111.4491
     311     116.5640
     312     118.5771
     313     115.2072
     314     110.9386
     315     114.6726
     316     109.5690
     317     113.5402
     318     111.0931
     319     115.5998
     320     113.9856
     321     114.9009
     322     114.3852
     323     112.5205
     324     110.7379
     325     109.2445
     326     111.7775
     327     112.9801
     328     111.5345
     329     114.4306
     330     105.3862
     331     113.2293
     332     107.7315
     333     112.0409
     334     108.1762
     335     105.7917
     336     107.2895
     337     112.1196
     338     110.1823
     339     107.7852
     340     105.1025
     341     102.4933
     342     110.6559
     343     116.7309
     344     111.4591
     345     110.9162
     346     109.1021
     347     111.9881
     348     112.9935
     349     109.7310
     350     105.0689
     351     110.3464
     352     110.1838
     353     111.6677
     354     117.1861
     355     115.0494
     356     115.0656
     357     117.4759
     358     112.1414
     359     115.0972
     360     110.9441
     361     108.1261
     362     108.5181
     363     111.4004
     364     113.8519
     365     107.8176
     366     110.0569
     367     110.2673
     368     109.2535
     369     108.3676
     370     107.9928
     371     107.0580
     372     107.4196
     373     104.9381
     374     105.8293
     375     104.0200
     376     109.5151
     377     112.2501
     378     106.3750
     379     101.1273
     380     102.3980
     381     104.2928
     382     101.6416
     383     106.4861
     384     105.0161
     385     104.0491
     386     100.0597
     387     102.8491
     388     105.0367
     389     107.7112
     390     108.5394
     391     111.5104
     392     101.8432
     393     103.9584
     394     105.8558
     395     101.9767
     396     101.6507
     397     102.4130
     398     103.8022
     399     107.5100
     400     103.8447
     401     105.6628
     402     105.9955
     403      97.6158
     404     105.9025
     405      98.1397
     406     101.9555
     407      99.3077
     408     103.9993
     409     108.9879
     410     106.1248
     411     107.1143
     412     101.2394
     413     107.6910
     414      98.4361
     415      99.0081
     416     100.5601
     417     101.3863
     418     105.4030
     419     102.7031
     420     106.4211
     421     105.5384
     422     104.2182
     423     100.2390
     424     100.4896
     425     107.3712
     426     106.3592
     427     103.4894
     428     105.0826
     429     107.3312
     430     103.9594
     431     107.1090
     432     107.7502
     433     105.2742
     434     107.4133
     435     113.4393
     436     110.1527
     437     107.2830
     438     112.2391
     439     116.2112
     440     103.7904
     441     108.3131
     442     106.3851
     443     103.7421
     444     103.7695
     445     103.3894
     446      96.7123
     447     103.8292
     448     105.1300
     449     100.5515
     450     102.7848
     451     103.4541
     452     105.9282
     453     110.3370
     454     103.7661
     455      99.0876
     456     106.2778
     457     106.4581
     458     109.1619
     459     106.5445
     460     108.1106
     461     108.8424
     462     111.4564
     463     108.6575
     464     111.1032
     465     109.1099
     466     113.1243
     467     109.7327
     468     109.6132
     469     112.0589
     470     108.5493
     471     106.3031
     472     110.9343
     473     110.6803
     474     107.9154
     475     111.8478
     476     112.9837
     477     108.1259
     478     106.2700
     479     110.2762
     480     112.6288
     481     103.0008
     482     110.3422
     483     107.0231
     484     111.1959
     485     110.9918
     486     108.0297
     487     105.3037
     488     110.2792
     489     105.5161
     490     111.5076
     491     108.7881
     492     110.2768
     493     109.9778
     494     109.9404
     495     110.5674
     496     111.6155
     497     112.7538
     498     113.9373
     499     105.1406
     500     107.7195
     501     104.7518
     502     104.9008
     503     103.7857
     504     106.6553
     505     105.5054
     506     106.4486
     507     111.2941
     508     110.0172
     509     107.2664
     510     109.5567
     511     112.1231
     512     113.0118
     513     110.2070
     514     109.3415
     515     107.2407
     516     112.1847
     517     111.3240
     518     107.9682
     519     111.5792
     520     112.8823
     521     105.1605
     522     113.1514
     523     103.2352
     524     108.5183
     525     107.9211
     526     111.2955
     527     108.3032
     528     108.7824
     529     111.5075
     530     107.2541
     531     108.0953
     532     101.9008
     533      99.3043
     534     108.4886
     535     111.5173
     536     112.7881
     537     110.6443
     538     108.3980
     539     109.0148
     540     108.7495
     541     108.7846
     542     115.0816
     543     109.0364
     544     108.2489
     545     111.7810
     546     108.5103
     547     108.2713
     548     104.2721
     549     106.1619
     550     102.6702
     551     105.6813
     552     110.7075
     553     107.2845
     554     108.9150
     555     105.7810
     556     109.8702
     557     109.3980
     558     106.4314
     559     105.5865
     560     106.0359
     561     115.4509
     562     108.1975
     563     109.8774
     564     111.8077
     565     109.0795
     566     108.8896
     567     110.8375
     568     111.6618
     569     109.2969
     570     112.6263
     571     111.8932
     572     110.0081
     573     111.7348
     574     109.1040
     575     108.8579
     576     115.3105
     577     111.1642
     578     110.6291
     579     111.1205
     580     109.8380
     581     115.4455
     582     112.6195
     583     110.7186
     584     114.0415
     585     109.1366
     586     111.4419
     587     108.5767
     588     112.8522
     589     116.5321
     590     114.5128
     591     115.8021
     592     114.8257
     593     114.6559
     594     108.8357
     595     107.4660
     596     107.4542
     597     109.2506
     598     108.7030
     599     109.2328
     600     108.7083
     601     111.6364
     602     111.0043
     603     109.4325
     604     107.0427
     605     104.5098
     606     111.2838
     607     106.8160
     608     104.0583
     609     108.0079
     610     105.4844
     611     110.1842
     612     103.7682
     613     101.3582
     614     103.1805
     615     102.1126
     616     103.4561
     617     102.8584
     618     105.0980
     619     106.5566
     620     106.3339
     621     105.0355
     622     104.8693
     623     108.7141
     624     109.7355
     625     106.0198
     626     103.9213
     627     108.0830
     628     105.7283
     629     110.5461
     630     111.8722
     631     111.8920
     632     109.3239
     633     104.6151
     634     103.7172
     635      97.5755
     636     107.6224
     637     108.9019
     638     100.3779
     639     107.0992
     640     105.8602
     641     104.9880
     642     106.7921
     643     103.3516
     644     104.8807
     645     107.0803
     646     104.2167
     647     104.6992
     648     103.8240
     649     105.4368
     650     104.8299
     651     104.6457
     652     106.0745
     653     104.2555
     654     110.7634
     655     104.0604
     656     101.0166
     657     101.2943
     658     105.1456
     659     108.2017
     660     106.4599
     661     108.8823
     662     107.0902
     663     111.7170
     664     109.5250
     665     110.1762
     666     113.1538
     667     111.5732
     668     111.8281
     669     108.5183
     670     111.3570
     671     111.0197
     672     113.8588
     673     109.1281
     674     109.7084
     675     110.2744
     676     110.8748
     677     107.5314
     678     109.5011
     679     108.4740
     680     108.2992
     681     107.6734
     682     105.6533
     683      98.5874
     684     107.4431
     685     106.1344
     686     107.7800
     687     104.2410
     688     104.7610
     689     105.6781
     690     105.9596
     691     105.2813
     692     104.5797
     693     102.4998
     694     104.2805
     695     106.0983
     696     109.9430
     697     108.2169
     698     105.9410
     699     104.9129
     700     113.2557
     701     107.2038
     702     107.5263
     703     107.5032
     704     105.4645
     705     106.4059
     706     107.6734
     707     112.7460
     708     107.7056
     709     110.5865
     710     110.3829
     711     109.0144
     712     110.6726
     713     103.2598
     714     110.9007
     715     105.2676
     716     108.6724
     717     111.9745
     718     109.3722
     719     109.3191
     720     108.9586
     721     110.1805
     722     110.3272
     723     110.2402
     724     112.3739
     725     111.4599
     726     111.6580
     727     100.6097
     728     104.6754
     729     107.0995
     730     105.3186
     731     100.6078
     732     103.6286
     733     105.8312
     734     109.4837
     735     104.1719
     736     104.2159
     737     106.1116
     738     103.4187
     739     101.5327
     740     102.8740
     741     101.4928
     742     105.7947
     743     104.3840
     744     110.0122
     745     105.4799
     746     106.1775
     747     110.3904
     748     108.5611
     749     100.1229
     750     100.2581
     751     104.8115
     752     104.2201
     753     107.0333
     754     104.9339
     755     104.1457
     756     102.5094
     757     105.7546
     758     106.8745
     759     108.6822
     760     111.6051
     761     106.6120
     762     106.9024
     763     103.9680
     764     103.7223
     765     103.7281
     766     109.1710
     767     109.5955
     768     106.3001
     769     110.6541
     770     108.2470
     771     104.2899
     772     106.7492
     773     106.9391
     774     105.7006
     775     105.5664
     776     105.4146
     777     106.2822
     778     108.1669
     779     109.4741
     780     107.5905
     781     105.6412
     782     107.3329
     783      99.6631
     784     104.4874
     785     109.7634
     786     106.4447
     787     105.4022
     788     105.7770
     789     102.7730
     790     101.4765
     791     105.2844
     792     107.6051
     793     103.3711
     794     108.3667
     795     107.8707
     796     104.9479
     797     107.4897
     798     109.8692
     799     112.4472
     800     111.8610
     801     112.9250
     802     109.9847
     803     112.9137
     804     111.5192
     805     103.6821
     806     109.9105
     807     112.9257
     808     109.4864
     809     108.0639
     810     108.9023
     811     111.1191
     812     107.7923
     813     109.2077
     814     107.9375
     815     105.2030
     816     106.0807
     817     108.7814
     818     107.6965
     819     112.5363
     820     110.1284
     821     108.8652
     822     110.9857
     823     104.3283
     824     112.6711
     825     106.7053
     826     110.3658
     827     110.5461
     828     110.9192
     829     110.7890
     830     114.0580
     831     112.5405
     832     113.0484
     833     110.1984
     834     109.3749
     835     108.6306
     836     110.4657
     837     113.6878
     838     109.2718
     839     110.5430
     840     108.8962
     841     110.1224
     842     111.4443
     843     111.1409
     844     114.7773
     845     108.9998
     846     107.9520
     847     110.2689
     848     109.3952
     849     110.3506
     850     108.2090
     851     112.2206
     852     107.7147
     853     111.2132
     854     106.1545
     855     110.1950
     856     108.3296
     857     110.4083
     858     109.3078
     859     104.9121
     860     112.0135
     861     107.4528
     862     108.3352
     863     113.6394
     864     113.6356
     865     111.7033
     866     113.0369
     867     109.0243
     868     110.8690
     869     110.1991
     870     110.7432
     871     112.2557
     872     109.3071
     873     111.1148
     874     113.4908
     875     107.9053
     876     109.5656
     877     112.3232
     878     115.1944
     879     110.2981
     880     106.0990
     881     114.8379
     882     106.1590
     883     112.9012
     884     106.3832
     885     105.3452
     886     107.9863
     887     107.6916
     888     106.8652
     889     104.5301
     890     106.8560
     891     107.1395
     892     109.4601
     893     107.1824
     894     112.6001
     895     108.9621
     896     110.5922
     897     111.3520
     898     113.7513
     899     109.5490
     900     109.5306
     901     108.2611
     902     110.5212
     903     115.2348
     904     110.3223
     905     110.0048
     906     103.0597
     907     111.3295
     908     110.4483
     909     106.9434
     910     112.3569
     911     111.6761
     912     107.7301
     913     109.8473
     914     107.5635
     915     103.6940
     916     110.2611
     917     106.8399
     918     106.8076
     919     111.9816
     920     111.7217
     921     110.8012
     922     106.9255
     923     111.6966
     924     109.8005
     925     110.9943
     926     108.7745
     927     106.8527
     928     106.9263
     929     104.9538
     930     112.1822
     931     112.5350
     932     110.0503
     933     111.5264
     934     111.1501
     935     110.0673
     936     107.0562
     937     113.6327
     938     111.8441
     939     111.6727
     940     109.9424
     941     108.9924
     942     109.5488
     943     107.8508
     944     111.5370
     945     112.3163
     946     109.7517
     947     111.6056
     948     108.2486
     949     107.6351
     950     113.1401
     951     111.8026
     952     112.6313
     953     109.5848
     954     111.2788
     955     107.5823
     956     111.2438
     957     110.3797
     958     111.7993
     959     112.0908
     960     112.1563
     961     112.6695
     962     115.6061
     963     111.0066
     964     110.2769
     965     110.6318
     966     111.0702
     967     111.2522
     968     111.7872
     969     108.4015
     970     107.8709
     971     112.2763
     972     108.5645
     973     109.7460
     974     110.2723
     975     108.1081
     976     110.1379
     977     113.1739
     978     107.3128
     979     109.3479
     980     112.0111
     981     115.2610
     982     114.1018
     983     112.3210
     984     109.8961
     985     112.1943
     986     110.8793
     987     110.1413
     988     113.3136
     989     106.7110
     990     109.5938
     991     107.8102
     992     111.0629
     993     101.5303
     994     109.8992
     995     106.4407
     996     107.9953
     997     104.8629
     998     108.0212
     999     102.7589
    1000     102.8380
    1001     107.6061
    1002     107.2578
    1003     110.2917
    1004     104.2733
    1005     111.6124
    1006     108.2929
    1007     113.3815
    1008     109.7178
    1009     108.0251
    1010     109.6057
    1011     111.8829
    1012     107.9179
    1013     111.4410
    1014     110.9109
    1015     107.5554
    1016     111.3010
    1017     109.7057
    1018     109.6143
    1019     102.4387
    1020     103.4946
    1021     107.6661
    1022     106.9590
    1023     105.3342
    1024     107.6837
    1025     105.1314
    1026     103.8175
    1027     106.7075
    1028     106.3249
    1029     104.9928
    1030     102.6019
    1031     106.5166
    1032     105.7221
    1033     103.3118
    1034     107.7564
    1035     101.8139
    1036     105.2598
    1037     105.2076
    1038     106.1991
    1039     104.7191
    1040     104.9041
    1041     105.9803
    1042     110.4443
    1043     108.9250
    1044     107.8878
    1045     104.8466
    1046     108.0773
    1047      99.6306
    1048     106.9278
    1049     103.1514
    1050     104.6290
    1051     104.9419
    1052     102.8154
    1053     101.3283
    1054     102.1272
    1055     104.7855
    1056     102.9027
    1057     106.8168
    1058     103.1143
    1059     105.1138
    1060     103.6086
    1061     106.9620
    1062     102.7349
    1063     103.7867
    1064     103.1592
    1065     105.1125
    1066     110.5929
    1067     107.6228
    1068     107.7210
    1069     103.8271
    1070     101.8671
    1071     110.2093
    1072     105.5728
    1073     101.7060
    1074     106.8088
    1075     105.5050
    1076     105.6404
    1077     106.7252
    1078     108.9533
    1079     110.3793
    1080     108.4233
    1081     106.8687
    1082     113.9469
    1083     111.1652
    1084     109.1279
    1085     111.6527
    1086     110.6508
    1087     110.5690
    1088     116.9483
    1089     113.4918
    1090     107.9490
    1091     112.6501
    1092     108.8281
    1093     109.7206
    1094     109.7337
    1095     110.2842
    1096     108.4325
    1097     110.5993
    1098     105.8386
    1099     109.7439
    1100     113.0856
    1101     112.4358
    1102     112.7522
    1103     108.0851
    1104     110.9051
    1105     110.8123
    1106     112.5518
    1107     111.5405
    1108     112.1895
    1109     108.9228
    1110     108.8250
    1111     109.5662
    1112     108.1702
    1113     105.3947
    1114     109.6732
    1115     114.9737
    1116     106.0239
    1117     108.1769
    1118     107.8552
    1119     112.1228
    1120     110.6317
    1121     111.5789
    1122     105.9891
    1123     106.1175
    1124     107.8962
    1125     109.4019
    1126     106.4893
    1127     108.0344
    1128     109.6208
    1129     110.2972
    1130     108.5141
    1131     109.1015
    1132     110.0429
    1133     111.6873
    1134     112.2309
    1135     112.0580
    1136     111.7573
    1137     112.4631
    1138     110.3767
    1139     114.5826
    1140     111.6226
    1141     110.2676
    1142     113.4003
    1143     109.9078
    1144     111.7375
    1145     116.5293
    1146     114.4046
    1147     112.1029
    1148     110.7776
    1149     106.3052
    1150     111.7411
    1151     108.8743
    1152     106.8741
    1153     103.6325
    1154     107.5375
    1155     101.8424
    1156     101.5384
    1157     101.7158
    1158     106.7555
    1159     105.2386
    1160     104.3869
    1161     105.4996
    1162     105.1093
    1163     105.7486
    1164     103.7616
    1165     102.6091
    1166     105.8671
    1167     101.7095
    1168     102.7968
    1169     107.3606
    1170     113.3103
    1171     103.7201
    1172      99.7899
    1173     113.4575
    1174     113.1626
    1175     110.3310
    1176     106.4983
    1177     106.9746
    1178     107.6415
    1179     113.0057
    1180     106.5621
    1181     106.0016
    1182     108.4444
    1183     107.3252
    1184     105.4880
    1185     106.1248
    1186     103.8542
    1187     103.6465
    1188     101.8805
    1189     101.0843
    1190     103.8457
    1191     108.9798
    1192     109.2397
    1193     106.5174
    1194     108.6603
    1195     106.3184
    1196     106.7715
    1197     104.5521
    1198     108.2077
    1199     105.8798
    1200     100.8141
    1201     107.4028
    1202     103.6341
    1203     102.2945
    1204     104.4041
    1205     105.0899
    1206     108.1906
    1207     107.5913
    1208     105.0339
    1209     100.5201
    1210     112.3261
    1211     102.4851
    1212     106.5014
    1213     105.2618
    1214     107.3190
    1215     104.9497
    1216     109.8626
    1217     103.1916
    1218     110.8039
    1219     105.0702
    1220     107.4298
    1221     106.5347
    1222     105.8415
    1223     100.4142
    1224     104.4994
    1225     102.1975
    1226     102.3021
    1227     103.9432
    1228     103.6652
    1229     100.7015
    1230     104.0958
    1231     106.4694
    1232     109.4855
    1233     105.5065
    1234     110.6531
    1235     109.4852
    1236     112.4360
    1237     105.7867
    1238     103.2548
    1239     109.5180
    1240     106.3617
    1241     106.9130
    1242     101.3670
    1243     112.2266
    1244     108.2559
    1245     111.4190
    1246     107.0972
    1247     109.7077
    1248     107.9995
    1249     106.9071
    1250     105.3061
    1251     106.1785
    1252     105.2902
    1253     104.2814
    1254     107.6611
    1255     107.9036
    1256     106.1162
    1257     103.9351
    1258     105.8942
    1259     109.6309
    1260     105.8723
    1261     105.4794
    1262     110.3891
    1263     112.5399
    1264     110.0594
    1265     103.9885
    1266     108.7663
    1267     107.1185
    1268     113.0777
    1269     106.9602
    1270     107.5480
    1271     111.2009
    1272     106.8622
    1273     107.7976
    1274      98.5856
    1275     105.8532
    1276     103.2609
    1277     107.6932
    1278     111.9406
    1279     108.9073
    1280     105.9685
    1281     113.5905
    1282     110.9409
    1283     106.5365
    1284     111.7706
    1285     108.6404
    1286     107.6505
    1287     107.2631
    1288     106.7214
    1289     108.3457
    1290     106.4345
    1291     112.8559
    1292     108.2596
    1293     107.1076
    1294     111.2197
    1295     108.4825
    1296     109.6350
    1297     109.3992
    1298     105.3535
    1299     108.6081
    1300     105.3760
    1301     109.1278
    1302     112.5749
    1303     109.8012
    1304     106.0928
    1305     108.4768
    1306     110.0577
    1307     112.0134
    1308     112.4221
    1309     112.3770
    1310     112.2622
    1311     108.6102
    1312     110.6361
    1313     108.8686
    1314     110.2553
    1315     110.4091
    1316     107.1380
    1317     108.7840
    1318     109.3957
    1319     108.1511
    1320     108.6515
    1321     112.2033
    1322     110.6580
    1323     111.3967
    1324     114.7798
    1325     110.7559
    1326     109.5069
    1327     108.5135
    1328     109.0805
    1329     109.9778
    1330     109.4507
    1331     111.4780
    1332     109.1467
    1333     105.9322
    1334     111.6088
    1335     111.0615
    1336     110.4652
    1337     107.6026
    1338     108.3374
    1339     111.0114
    1340     110.1253
    1341     107.5352
    1342     108.7849
    1343     112.3652
    1344     110.8752
    1345     111.3188
    1346     108.5884
    1347     108.0119
    1348     107.1817
    1349     106.0665
    1350     113.4084
    1351     106.8934
    1352     114.7167
    1353     109.2310
    1354     106.0949
    1355     106.3321
    1356     110.3422
    1357     110.1197
    1358     110.3925
    1359     112.3803
    1360     109.6887
    1361     114.5893
    1362     111.3349
    1363     114.4820
    1364     112.4859
    1365     114.0143
    1366     112.7707
    1367     109.2304
    1368     113.2567
    1369     112.5732
    1370     109.4911
    1371     113.2219
    1372     108.9550
    1373     112.9493
    1374     112.1978
    1375     113.3464
    1376     114.6963
    1377     107.6912
    1378     109.7000
    1379     109.2951
    1380     113.0236
    1381     108.7944
    1382     109.7427
    1383     106.2261
    1384     112.6323
    1385     107.7961
    1386     113.7254
    1387     108.9369
    1388     108.1723
    1389     111.5983
    1390     111.5404
    1391     109.5218
    1392     108.4301
    1393     110.5221
    1394     110.0999
    1395     110.0068
    1396     112.4246
    1397     110.5986
    1398     111.8813
    1399     114.6280
    1400     109.0465
    1401     113.8509
    1402     111.2278
    1403     112.1633
    1404     111.6551
    1405     110.9660
    1406     106.2990
    1407     109.2612
    1408     113.0899
    1409     108.7682
    1410     108.4386
    1411     104.6872
    1412     109.4371
    1413     108.4523
    1414     109.8861
    1415     112.7645
    1416     109.1899
    1417     112.0344
    1418     101.3495
    1419     105.3973
    1420     109.6849
    1421     107.3127
    1422     104.6886
    1423     107.9501
    1424     105.3333
    1425     106.3780
    1426     109.9761
    1427     112.8471
    1428     104.3832
    1429     102.4362
    1430     104.9466
    1431     106.7501
    1432     107.6960
    1433     109.4499
    1434     109.8700
    1435     107.6629
    1436     106.1667
    1437     106.9233
    1438     102.8875
    1439     106.9889
    1440      99.2639
    1441     104.3604
    1442     102.3061
    1443     110.1761
    1444     103.8473
    1445      98.0169
    1446     101.9318
    1447     102.7145
    1448     103.1624
    1449     100.2340
    1450      98.7986
    1451     113.1054
    1452     102.5618
    1453     103.5013
    1454     102.9510
    1455     103.3127
    1456     105.2887
    1457     104.3302
    1458     106.9550
    1459     108.6468
    1460     107.4384
    1461     105.8585
    1462     106.7571
    1463     108.6758
    1464     107.4104
    1465     102.3803
    1466     102.6802
    1467      99.2443
    1468     103.4723
    1469     106.7548
    1470     105.1258
    1471     106.1352
    1472     104.2703
    1473     105.5805
    1474     106.5556
    1475     105.0054
    1476     104.7153
    1477     107.0184
    1478     107.6948
    1479     108.3213
    1480     114.0862
    1481     112.6694
    1482     108.5728
    1483     109.6418
    1484     110.5483
    1485     111.9274
    1486     110.7958
    1487     112.5979
    1488     109.9746
    1489     109.6921
    1490     105.5797
    1491     112.0496
    1492     111.9353
    1493     109.1069
    1494     108.9300
    1495     113.2379
    1496     113.5300
    1497     105.2667
    1498     112.0581
    1499     113.5134
    1500     113.8876
    1501     107.6655
    1502     110.7985
    1503     105.5743
    1504     110.4105
    1505     111.0312
    1506     114.9696
    1507     108.3715
    1508     109.8148
    1509     105.0165
    1510     116.1212
    1511     107.8043
    1512     108.7672
    1513     112.1259
    1514     110.2781
    1515     112.1154
    1516     109.3970
    1517     107.8598
    1518     112.9381
    1519     111.5614
    1520     107.9401
    1521     111.4369
    1522     112.8810
    1523     107.1090
    1524     109.7623
    1525     107.4694
    1526     106.8809
    1527     112.1546
    1528     110.7325
    1529     101.8452
    1530     110.4724
    1531     105.5758
    1532     115.1511
    1533     107.4770
    1534     110.3060
    1535     107.4842
    1536     109.2788
    1537     105.7810
    1538     105.6772
    1539     109.7577
    1540     109.3533
    1541     110.5895
    1542     111.2663
    1543     110.3288
    1544     109.1314
    1545     107.8096
    1546     110.5151
    1547     114.5046
    1548     111.8478
    1549     106.6362
    1550     111.8366
    1551     107.8017
    1552     112.2408
    1553     111.3636
    1554     111.2933
    1555     115.6138
    1556     111.9510
    1557     111.5546
    1558     107.6820
    1559     110.8586
    1560     110.2642
    1561     108.4619
    1562     106.6755
    1563     114.5554
    1564     112.5915
    1565     108.6589
    1566     109.9185
    1567     111.0489
    1568     110.6521
    1569     110.8400
    1570     111.8932
    1571     107.1078
    1572     111.2694
    1573     108.1440
    1574     110.7672
    1575     109.2954
    1576     111.1587
    1577     109.1970
    1578     106.9851
    1579     110.1331
    1580     111.7061
    1581     107.2380
    1582     109.1139
    1583     110.2879
    1584     109.2037
    1585     109.2719
    1586     110.2333
    1587     110.5860
    1588     106.9454
    1589     107.1301
    1590     108.9683
    1591     109.8045
    1592     108.3503
    1593     110.5145
    1594     111.7257
    1595     112.8586
    1596     113.0915
    1597     113.1862
    1598     109.6269
    1599     109.3920
    1600     106.3206
    1601     110.5576
    1602     111.1725
    1603     111.6542
    1604     111.6840
    1605     109.2985
    1606     105.4160
    1607     106.8415
    1608     104.5672
    1609     109.6073
    1610     111.3264
    1611     108.5344
    1612     108.4828
    1613     105.0265
    1614     107.0468
    1615     110.4394
    1616     108.8739
    1617     104.6914
    1618     106.2616
    1619     109.9443
    1620     110.5266
    1621     109.3749
    1622     109.3165
    1623     104.9324
    1624     106.5977
    1625     107.7630
    1626     109.4503
    1627     110.7526
    1628     110.1897
    1629     107.7573
    1630     112.6246
    1631     111.2489
    1632     110.7582
    1633     107.2306
    1634     108.4717
    1635     104.4141
    1636     106.7196
    1637     110.1052
    1638     108.1539
    1639     105.0528
    1640     110.7491
    1641     110.6017
    1642     109.8318
    1643     107.9350
    1644     111.3256
    1645     107.6578
    1646     107.8502
    1647     108.7438
    1648     101.2497
    1649     106.0230
    1650     112.3122
    1651     109.3759
    1652     110.4002
    1653     106.9419
    1654     111.7764
    1655     113.2659
    1656     110.8643
    1657     112.4261
    1658     109.5205
    1659     111.5230
    1660     112.7708
    1661     113.0289
    1662     110.7741
    1663     112.2475
    1664     111.7139
    1665     108.7038
    1666     109.8578
    1667     111.1749
    1668     114.1670
    1669     110.5627
    1670     115.1176
    1671     109.6390
    1672     113.9884
    1673     110.3552
    1674     109.6233
    1675     109.6117
    1676     111.4703
    1677     106.1944
    1678     107.1135
    1679     108.0415
    1680     109.5122
    1681     107.7312
    1682     106.1708
    1683     104.8695
    1684     108.8557
    1685     106.8423
    1686     107.5649
    1687     110.2725
    1688     107.7169
    1689     107.2045
    1690     111.7631
    1691     105.3930
    1692     105.1758
    1693     109.4779
    1694     108.5043
    1695     112.4564
    1696     110.4267
    1697     107.5156
    1698     111.0092
    1699     108.8681
    1700     108.6528
    1701     109.1680
    1702     113.7405
    1703     111.3811
    1704     113.0104
    1705     111.3548
    1706     113.1013
    1707     109.4613
    1708     106.7851
    1709     109.3560
    1710     109.1590
    1711     107.9081
    1712     113.0392
    1713     111.3316
    1714     110.9364
    1715     113.3513
    1716     106.4334
    1717     110.2712
    1718     110.9320
    1719     110.7808
    1720     112.6045
    1721     110.5053
    1722     112.8226
    1723     113.2983
    1724     111.2793
    1725     105.9271
    1726     109.4366
    1727     106.1942
    1728     112.8201
    1729     110.0684
    1730     109.7796
    1731     109.7592
    1732     106.1496
    1733     110.7730
    1734     111.3111
    1735     110.5437
    1736     111.3888
    1737     110.3253
    1738     111.3738
    1739     112.1089
    1740     106.1071
    1741     115.0079
    1742     110.1394
    1743     112.6250
    1744     115.4731
    1745     110.3384
    1746     108.8025
    1747     105.5624
    1748     104.7049
    1749     108.4992
    1750     111.0932
    1751     107.3923
    1752     110.9567
    1753     113.2171
    1754     110.0856
    1755     110.6516
    1756     109.0008
    1757     111.2180
    1758     107.1705
    1759     104.6773
    1760     107.0581
    1761     110.2234
    1762     111.7543
    1763     110.3498
    1764     113.2586
    1765     107.2821
    1766     109.5633
    1767     106.4344
    1768     109.2408
    1769     104.0644
    1770     111.8145
    1771     110.8218
    1772     109.8175
    1773     107.6312
    1774     108.5215
    1775     110.1856
    1776     109.8724
    1777     112.0383
    1778     108.4838
    1779     112.4587
    1780     107.6460
    1781     111.5061
    1782     111.7450
    1783     109.6311
    1784     110.4643
    1785     109.4583
    1786     111.1342
    1787     109.4245
    1788     107.1995
    1789     112.3881
    1790     114.0047
    1791     112.8723
    1792     110.2306
    1793     111.3030
    1794     109.2220
    1795     105.6474
    1796     111.8828
    1797     106.6385
    1798     110.0397
    1799     109.4024
    1800     113.4697
    1801     110.1354
    1802     108.2595
    1803     108.6634
    1804     108.7829
    1805     109.0756
    1806     108.7408
    1807     101.0546
    1808     110.1360
    1809     107.0381
    1810     108.1233
    1811     107.8594
    1812     107.2389
    1813     104.0546
    1814     103.6688
    1815     106.6773
    1816     103.1932
    1817     102.4518
    1818     110.0685
    1819     107.2262
    1820     107.5050
    1821     102.1839
    1822     102.6468
    1823     102.2076
    1824      94.3574
    1825     101.8158
    1826     104.4426
    1827     104.0112
    1828     101.8415
    1829     103.1080
    1830     104.2935
    1831     105.7251
    1832     104.0766
    1833     112.8429
    1834     108.6391
    1835     115.4345
    1836     114.0964
    1837     110.7827
    1838     109.3593
    1839     109.6026
    1840     107.5276
    1841     102.3114
    1842     109.6407
    1843     106.4162
    1844     101.7882
    1845     104.0507
    1846     102.6717
    1847     106.8672
    1848     104.3938
    1849     104.3211
    1850     106.4325
    1851     111.7396
    1852     103.3600
    1853     104.2842
    1854     104.0344
    1855     107.5691
    1856     105.3263
    1857     104.8901
    1858     100.8839
    1859     108.3063
    1860     108.5610
    1861     110.8170
    1862     110.3688
    1863     108.8234
    1864     110.1363
    1865     106.8668
    1866     108.0549
    1867     115.3420
    1868     113.2122
    1869     111.6829
    1870     105.9966
    1871     105.6987
    1872     110.5943
    1873     112.1174
    1874     110.0528
    1875     110.8085
    1876     106.7077
    1877     105.3356
    1878     108.9543
    1879     106.8403
    1880     108.9169
    1881     102.2009
    1882     105.0816
    1883      99.3766
    1884     103.3620
    1885      98.3999
    1886     100.3342
    1887     104.6244
    1888     100.8718
    1889      99.7527
    1890     103.5821
    1891     105.1227
    1892     107.2307
    1893     104.3937
    1894     106.1581
    1895     108.2760
    1896     104.6458
    1897     103.8987
    1898     109.3222
    1899     104.3881
    1900     101.9796
    1901     105.1624
    1902     107.3947
    1903     105.8229
    1904     106.7490
    1905     103.3847
    1906     107.3003
    1907     113.0551
    1908     113.1377
    1909     109.2614
    1910     105.4647
    1911     109.1962
    1912     109.0651
    1913     114.4558
    1914     116.3408
    1915     113.1452
    1916     105.6060
    1917     110.4139
    1918     111.3196
    1919     113.9786
    1920     110.8064
    1921     109.1125
    1922     113.0372
    1923     109.6937
    1924     112.6311
    1925     111.8989
    1926     108.5443
    1927     111.4343
    1928     109.3738
    1929     109.6420
    1930     108.8266
    1931     105.4189
    1932     104.9071
    1933     110.4636
    1934     110.6307
    1935     100.5089
    1936     102.2304
    1937     105.2558
    1938     107.9883
    1939     106.0187
    1940     102.1903
    1941     100.2649
    1942     106.2689
    1943     102.3802
    1944     101.8663
    1945     103.3110
    1946     100.3435
    1947     109.2159
    1948     112.4969
    1949     102.8220
    1950     103.8861
    1951     102.9748
    1952     109.2195
    1953     109.2636
    1954     105.7083
    1955     106.4362
    1956     108.3929
    1957     107.9454
    1958     110.1168
    1959     108.6220
    1960     107.0863
    1961     106.5864
    1962     109.0785
    1963     109.2051
    1964     113.5317
    1965     111.4774
    1966     114.1683
    1967     110.0197
    1968     105.4566
    1969     110.7649
    1970     111.9917
    1971     110.2181
    1972     110.3404
    1973     108.3791
    1974     111.9874
    1975     107.3553
    1976     110.2497
    1977     106.5677
    1978     107.0410
    1979     104.4112
    1980     111.8543
    1981     109.6485
    1982     112.9129
    1983     112.4064
    1984     110.3022
    1985     111.3190
    1986     105.4024
    1987     108.0334
    1988     107.0521
    1989     112.5335
    1990     106.7876
    1991     109.6608
    1992     108.8852
    1993     106.3402
    1994     106.6744
    1995     117.2354
    1996     110.7720
    1997     112.1044
    1998     109.7523
    1999     110.9248
    2000     112.1836
    2001     115.7241
    2002     110.9785
    2003     110.9126
    2004     111.0997
    2005     113.4776
    2006     105.7251
    2007     108.1190
    2008     110.7486
    2009     113.3845
    2010     108.3156
    2011     109.5552
    2012     106.6958
    2013     108.7900
    2014     110.5557
    2015     111.2708
    2016     113.9344
    2017     106.2364
    2018     108.9887
    2019     113.9822
    2020     110.4120
    2021     111.7973
    2022     111.6254
    2023     107.0271
    2024     107.2133
    2025     109.6055
    2026     112.6802
    2027     111.9177
    2028     109.7039
    2029     108.2889
    2030     111.4958
    2031     111.1533
    2032     106.6844
    2033     107.8223
    2034     109.0435
    2035     107.3886
    2036     106.4386
    2037     108.4407
    2038     109.8000
    2039     113.5288
    2040     112.7199
    2041     110.1218
    2042     111.6550
    2043     108.4197
    2044     106.7083
    2045     108.7589
    2046     108.9128
    2047     106.5876
    2048     113.2341
    2049     106.0230
    2050     109.3987
    2051     110.2950
    2052     110.3400
    2053     109.3624
    2054     108.3135
    2055     111.6707
    2056     114.9977
    2057     111.4944
    2058     112.2462
    2059     112.5734
    2060     108.7680
    2061     112.8348
    2062     111.6706
    2063     114.1110
    2064     111.8019
    2065     109.3286
    2066     108.7659
    2067     111.8799
    2068     109.1878
    2069     114.1008
    2070     109.8858
    2071     113.6753
    2072     112.8299
    2073     113.0356
    2074     112.5553
    2075     113.4120
    2076     110.9187
    2077     112.6694
    2078     107.8300
    2079     111.1471
    2080     111.8996
    2081     107.4947
    2082     107.0952
    2083     111.2607
    2084     109.6656
    2085     108.0409
    2086     109.7956
    2087     111.5687
    2088     114.5432
    2089     107.2199
    2090     112.4533
    2091     115.5887
    2092     109.5386
    2093     111.9862
    2094     113.8151
    2095     114.0389
    2096     108.2903
    2097     110.0618
    2098     110.5667
    2099     112.1342
    2100     111.7956
    2101     116.5286
    2102     118.2022
    2103     114.8044
    2104     110.2724
    2105     108.4535
    2106     104.3549
    2107     113.9108
    2108     112.5149
    2109     110.0721
    2110     110.2575
    2111     111.5125
    2112     105.6651
    2113     110.6554
    2114     108.8220
    2115     105.6830
    2116     105.8311
    2117     100.9305
    2118      98.5280
    2119     106.7187
    2120     105.9236
    2121     105.3840
    2122     104.8295
    2123     101.8969
    2124     106.1736
    2125     104.3993
    2126     105.5681
    2127     105.1271
    2128     104.9144
    2129     105.4114
    2130     101.2185
    2131     104.3941
    2132     107.1434
    2133     105.2718
    2134     106.7071
    2135     108.2185
    2136     103.7859
    2137     106.2923
    2138     105.0022
    2139     102.8380
    2140     104.6012
    2141     102.9608
    2142     102.5527
    2143     105.5497
    2144     104.8762
    2145     102.6661
    2146     107.8037
    2147     107.5355
    2148     109.2748
    2149     108.3784
    2150     105.9302
    2151     109.0498
    2152     104.6136
    2153     107.4991
    2154     112.2415
    2155     110.9460
    2156     106.9065
    2157     103.4437
    2158     102.7568
    2159     111.5253
    2160     106.5930
    2161     103.4175
    2162     101.6644
    2163     105.6082
    2164     106.4432
    2165     100.8599
    2166     105.4713
    2167     102.8953
    2168     101.8270
    2169     104.2338
    2170     103.5343
    2171     106.5144
    2172     105.2469
    2173     106.8410
    2174     106.9682
    2175     105.6685
    2176     111.9981
    2177     107.7289
    2178     111.9993
    2179     108.5731
    2180     111.8424
    2181     112.5310
    2182     114.0302
    2183     108.5474
    2184     113.8321
    2185     110.1142
    2186     113.1802
    2187     110.6639
    2188     103.8069
    2189     100.6555
    2190     103.0214
    2191     105.5529
    2192     105.6236
    2193     108.9741
    2194     109.2856
    2195     100.3643
    2196     108.3217
    2197     102.5707
    2198     107.4639
    2199     109.1848
    2200     106.2377
    2201     107.3142
    2202     107.2144
    2203     105.5189
    2204     105.5869
    2205     103.9254
    2206     102.0224
    2207     102.6913
    2208     109.1130
    2209     107.4810
    2210     105.2256
    2211     102.0444
    2212     101.2775
    2213      99.1424
    2214     104.1107
    2215     105.5379
    2216     104.4822
    2217     106.7029
    2218     108.3208
    2219     102.6643
    2220     107.6221
    2221     107.5558
    2222     108.1281
    2223     106.8514
    2224     112.9572
    2225     109.8111
    2226     109.6953
    2227     105.6919
    2228     105.1609
    2229     106.3025
    2230     104.1687
    2231     105.9065
    2232     107.0730
    2233     109.1140
    2234     102.8392
    2235     104.3483
    2236     105.4416
    2237     106.3659
    2238     104.0653
    2239     105.3070
    2240     104.3819
    2241     106.5546
    2242     108.5733
    2243     107.1977
    2244     106.3288
    2245     102.8962
    2246     108.2676
    2247     103.6230
    2248     101.8994
    2249     109.5065
    2250     106.7229
    2251     106.0309
