#Frame         angle2
       1     121.5817
       2     121.3998
       3     120.3058
       4     126.2009
       5     130.7844
       6     132.4761
       7     128.4868
       8     128.9654
       9     131.3474
      10     127.5956
      11     124.4017
      12     124.1000
      13     129.0237
      14     126.2972
      15     124.9108
      16     129.5224
      17     126.6842
      18     121.9611
      19     122.7223
      20     119.7062
      21     117.9140
      22     116.1218
      23     119.6055
      24     125.8401
      25     127.9658
      26     124.9700
      27     124.2643
      28     127.6513
      29     129.2845
      30     129.1688
      31     126.0657
      32     123.4386
      33     122.9889
      34     129.2763
      35     129.3916
      36     130.5387
      37     130.8822
      38     132.1480
      39     130.6726
      40     133.9962
      41     126.5821
      42     127.1734
      43     128.4864
      44     127.7952
      45     126.2221
      46     128.7376
      47     129.7027
      48     128.7912
      49     128.0553
      50     128.4323
      51     128.1928
      52     129.1035
      53     126.4471
      54     128.3022
      55     125.1350
      56     126.4374
      57     127.4925
      58     125.4095
      59     128.4958
      60     128.4369
      61     130.1845
      62     128.1018
      63     126.9705
      64     131.6071
      65     133.1035
      66     133.3568
      67     129.0575
      68     131.7650
      69     131.5190
      70     127.0741
      71     129.4426
      72     126.1837
      73     128.7127
      74     131.0923
      75     131.0927
      76     135.3672
      77     133.6757
      78     128.1439
      79     129.4616
      80     128.4979
      81     132.5712
      82     131.5205
      83     133.2913
      84     132.9067
      85     132.0794
      86     132.2888
      87     132.0725
      88     131.9610
      89     133.0075
      90     130.3126
      91     133.4760
      92     131.8819
      93     130.7174
      94     133.8484
      95     130.9311
      96     131.8115
      97     133.9134
      98     135.0396
      99     131.3026
     100     134.0028
     101     134.8813
     102     132.5502
     103     133.1675
     104     132.6861
     105     133.2995
     106     134.2810
     107     133.0647
     108     133.2139
     109     133.2700
     110     133.1196
     111     131.3570
     112     132.8903
     113     131.8097
     114     131.9250
     115     132.7961
     116     131.0121
     117     134.2715
     118     135.0548
     119     132.0492
     120     134.3975
     121     134.3262
     122     132.4600
     123     131.4356
     124     135.7821
     125     131.7573
     126     130.8803
     127     133.0627
     128     129.9193
     129     132.3519
     130     134.1537
     131     134.0721
     132     132.5999
     133     132.3919
     134     130.7107
     135     131.4930
     136     133.7721
     137     135.7064
     138     134.1713
     139     132.1523
     140     133.0616
     141     131.2922
     142     132.9076
     143     131.1634
     144     131.6508
     145     132.4929
     146     133.0254
     147     131.5085
     148     128.3067
     149     132.7675
     150     129.0841
     151     129.7886
     152     127.9684
     153     131.5952
     154     128.2278
     155     127.4320
     156     128.6428
     157     125.9887
     158     128.2109
     159     122.8116
     160     119.8728
     161     122.0614
     162     122.2654
     163     125.9705
     164     128.9086
     165     133.1437
     166     131.7014
     167     134.2354
     168     134.6940
     169     135.3359
     170     130.5245
     171     133.0714
     172     129.9635
     173     131.8395
     174     134.4036
     175     128.6607
     176     130.2398
     177     129.8900
     178     130.5487
     179     129.0456
     180     127.6643
     181     128.1667
     182     126.8666
     183     122.9446
     184     123.0603
     185     124.3760
     186     121.6820
     187     119.6619
     188     119.3462
     189     121.8092
     190     115.3911
     191     124.5550
     192     120.2143
     193     122.6613
     194     116.0618
     195     117.0317
     196     116.9143
     197     122.4223
     198     122.6492
     199     121.4693
     200     121.1215
     201     122.5155
     202     122.3536
     203     124.9712
     204     123.0890
     205     123.5273
     206     124.3653
     207     116.5660
     208     118.4502
     209     113.1328
     210     109.1702
     211     115.9718
     212     110.7709
     213     117.8758
     214     120.1777
     215     112.3923
     216     115.3419
     217     123.2945
     218     119.5942
     219     123.7327
     220     122.5701
     221     119.2400
     222     124.5644
     223     121.7418
     224     119.9922
     225     125.1401
     226     124.3012
     227     122.4629
     228     122.7832
     229     124.0409
     230     125.0837
     231     124.7068
     232     122.2706
     233     123.6144
     234     123.4644
     235     124.9235
     236     125.0017
     237     123.4912
     238     123.0194
     239     123.7982
     240     119.0742
     241     124.5091
     242     125.4650
     243     126.7577
     244     125.3529
     245     125.0262
     246     127.6796
     247     124.2265
     248     124.9532
     249     123.7555
     250     127.7906
     251     126.0285
     252     124.5797
     253     125.6613
     254     126.4565
     255     124.1662
     256     124.8932
     257     126.7638
     258     125.5097
     259     125.8708
     260     121.6240
     261     126.6416
     262     128.1983
     263     124.5729
     264     123.4598
     265     118.9403
     266     117.8838
     267     119.5195
     268     119.9475
     269     120.4891
     270     122.9363
     271     121.2716
     272     119.0192
     273     113.6533
     274     120.4674
     275     121.0995
     276     118.2575
     277     122.7698
     278     117.2154
     279     119.9097
     280     118.4498
     281     121.1886
     282     114.0839
     283     113.8900
     284     114.0974
     285     115.4079
     286     118.2763
     287     113.9505
     288     118.7086
     289     123.6315
     290     121.0324
     291     119.3574
     292     116.6309
     293     120.4554
     294     118.4799
     295     117.8114
     296     116.7108
     297     117.2104
     298     121.1108
     299     115.6760
     300     118.3104
     301     123.4425
     302     120.8109
     303     119.8574
     304     120.3499
     305     122.2609
     306     118.4128
     307     122.9344
     308     116.5026
     309     116.0922
     310     116.4267
     311     117.5006
     312     116.0961
     313     117.1427
     314     118.4458
     315     115.0457
     316     119.0851
     317     115.7292
     318     114.6361
     319     118.9554
     320     116.7426
     321     120.3434
     322     115.9155
     323     115.4070
     324     118.9518
     325     117.4515
     326     118.0568
     327     118.5077
     328     123.3605
     329     120.3606
     330     121.4420
     331     120.3459
     332     121.3851
     333     120.6100
     334     120.6155
     335     117.1600
     336     119.5641
     337     122.8432
     338     116.0839
     339     116.4092
     340     114.5627
     341     118.0503
     342     118.4679
     343     117.3795
     344     121.3069
     345     113.6696
     346     120.7142
     347     118.5987
     348     118.1653
     349     119.1235
     350     119.5215
     351     120.9622
     352     123.8792
     353     126.6933
     354     123.1767
     355     122.7283
     356     121.5191
     357     123.4315
     358     123.3470
     359     122.2087
     360     118.7739
     361     121.4160
     362     125.5160
     363     118.4172
     364     123.0228
     365     119.6705
     366     119.4389
     367     119.7355
     368     118.4827
     369     122.3517
     370     122.4305
     371     121.2831
     372     122.6244
     373     124.9052
     374     123.1674
     375     125.6604
     376     123.5120
     377     122.6215
     378     122.9147
     379     120.7275
     380     121.8675
     381     125.5907
     382     128.7991
     383     125.3600
     384     122.5010
     385     123.9027
     386     129.4118
     387     128.9332
     388     128.3310
     389     125.2054
     390     128.5843
     391     126.2051
     392     125.9724
     393     127.0328
     394     123.4314
     395     122.3592
     396     118.9993
     397     121.0933
     398     123.4393
     399     123.4131
     400     118.7606
     401     122.3894
     402     125.0947
     403     121.7071
     404     119.9329
     405     124.1252
     406     123.9575
     407     124.6095
     408     123.4025
     409     125.4192
     410     122.4630
     411     122.7569
     412     126.1955
     413     128.0903
     414     122.5004
     415     123.3667
     416     127.3933
     417     128.3997
     418     128.5461
     419     130.8781
     420     129.9968
     421     135.1070
     422     132.6783
     423     133.4955
     424     132.5443
     425     132.3169
     426     131.0849
     427     131.5123
     428     130.5718
     429     131.4040
     430     128.4174
     431     128.4832
     432     130.4488
     433     131.3599
     434     134.3967
     435     129.0000
     436     129.1340
     437     129.0971
     438     130.0327
     439     128.1951
     440     130.0270
     441     128.8147
     442     129.9644
     443     128.4051
     444     131.8901
     445     128.9778
     446     126.9378
     447     133.3739
     448     131.2389
     449     127.3475
     450     128.7052
     451     127.3488
     452     129.0563
     453     132.4581
     454     128.0063
     455     127.9037
     456     130.6427
     457     130.2731
     458     132.1365
     459     127.0323
     460     131.2269
     461     134.2986
     462     127.4088
     463     128.5270
     464     128.9642
     465     126.1186
     466     130.3813
     467     127.7732
     468     130.3741
     469     129.4004
     470     132.9619
     471     129.9586
     472     130.8256
     473     129.5649
     474     129.8012
     475     126.9798
     476     129.5074
     477     126.3575
     478     133.3648
     479     126.8894
     480     128.0801
     481     128.1579
     482     127.2020
     483     126.4936
     484     125.6081
     485     126.0268
     486     127.7946
     487     129.8541
     488     125.1642
     489     126.2651
     490     127.1608
     491     130.3900
     492     128.3737
     493     127.8268
     494     128.4545
     495     127.5387
     496     130.4476
     497     127.1291
     498     127.6119
     499     130.0380
     500     129.1665
     501     131.1261
     502     129.0633
     503     128.4901
     504     130.1767
     505     129.5440
     506     130.9923
     507     130.4742
     508     132.7245
     509     131.1102
     510     131.2084
     511     131.5168
     512     132.8270
     513     133.5622
     514     132.9724
     515     133.5529
     516     132.9685
     517     130.4527
     518     130.5468
     519     133.7756
     520     135.6737
     521     135.3008
     522     132.6915
     523     132.7083
     524     131.9916
     525     131.0802
     526     130.6204
     527     133.1856
     528     131.6907
     529     131.1685
     530     134.4128
     531     131.7869
     532     132.9861
     533     127.2714
     534     127.8464
     535     130.9692
     536     130.6976
     537     134.3451
     538     130.0133
     539     132.1287
     540     131.7835
     541     131.1472
     542     130.1896
     543     133.2631
     544     134.3433
     545     131.3249
     546     132.5443
     547     134.7209
     548     131.7491
     549     133.4185
     550     132.1546
     551     132.3537
     552     130.7520
     553     130.5299
     554     131.5165
     555     131.4005
     556     128.6165
     557     132.9422
     558     130.5209
     559     135.9029
     560     132.6429
     561     131.6344
     562     130.6446
     563     129.1965
     564     126.1946
     565     126.9981
     566     128.6170
     567     127.1865
     568     132.2208
     569     129.1616
     570     126.1001
     571     124.6452
     572     129.7795
     573     129.8314
     574     127.5937
     575     130.3167
     576     132.1123
     577     133.3100
     578     133.2312
     579     130.0551
     580     131.1447
     581     133.8109
     582     128.2182
     583     131.1834
     584     132.2036
     585     128.2623
     586     126.4847
     587     125.8375
     588     125.2154
     589     127.1397
     590     125.3914
     591     118.8415
     592     123.5192
     593     125.3364
     594     124.5820
     595     126.3359
     596     124.5182
     597     126.0027
     598     120.5338
     599     125.8084
     600     124.9571
     601     127.9820
     602     130.9100
     603     132.4136
     604     128.1983
     605     131.9328
     606     126.8284
     607     127.9854
     608     126.7782
     609     130.8306
     610     127.1856
     611     123.3015
     612     127.9737
     613     130.1613
     614     129.0707
     615     124.7991
     616     125.7002
     617     123.8275
     618     122.6253
     619     123.4951
     620     130.0718
     621     130.7076
     622     133.5999
     623     129.8854
     624     128.7995
     625     130.5426
     626     129.3181
     627     130.1803
     628     128.4386
     629     126.6077
     630     127.6172
     631     131.3508
     632     135.7812
     633     132.2192
     634     131.8669
     635     132.1076
     636     130.3757
     637     129.4603
     638     126.4365
     639     128.9223
     640     128.4095
     641     133.6067
     642     133.9365
     643     134.0202
     644     131.3291
     645     130.6545
     646     134.4434
     647     128.8954
     648     130.3178
     649     127.9965
     650     128.8669
     651     129.9888
     652     128.9188
     653     129.5875
     654     127.8750
     655     130.2365
     656     128.1721
     657     127.6848
     658     129.7062
     659     126.9405
     660     131.5856
     661     128.0640
     662     131.6611
     663     130.5010
     664     125.9037
     665     127.5610
     666     124.7650
     667     130.4337
     668     129.9079
     669     122.3963
     670     127.8429
     671     125.1105
     672     121.8236
     673     124.8852
     674     124.5703
     675     123.4676
     676     122.1968
     677     123.4048
     678     121.3865
     679     123.4039
     680     124.6418
     681     122.1732
     682     122.2269
     683     125.0714
     684     125.4541
     685     123.1927
     686     122.0117
     687     119.1931
     688     117.7676
     689     117.7175
     690     117.2472
     691     118.9684
     692     116.5869
     693     118.5671
     694     118.8916
     695     114.0146
     696     115.8864
     697     114.7623
     698     119.4167
     699     122.9383
     700     121.6287
     701     123.0611
     702     127.6745
     703     129.1429
     704     121.6615
     705     119.5876
     706     116.3940
     707     121.9939
     708     125.2469
     709     123.1043
     710     129.4945
     711     124.6708
     712     127.5171
     713     129.7632
     714     130.7446
     715     129.0574
     716     133.9650
     717     132.0432
     718     134.4560
     719     130.3503
     720     132.5485
     721     129.3264
     722     124.5391
     723     130.3723
     724     127.4896
     725     126.1730
     726     129.9418
     727     126.3772
     728     127.4387
     729     130.4230
     730     127.5847
     731     128.6993
     732     126.8890
     733     129.9431
     734     130.7732
     735     128.0302
     736     129.4752
     737     123.8303
     738     126.8395
     739     127.9683
     740     128.7800
     741     128.5375
     742     126.7565
     743     128.2685
     744     127.5129
     745     124.9647
     746     124.5108
     747     124.9510
     748     124.2155
     749     123.8883
     750     122.9023
     751     122.6662
     752     124.8480
     753     123.9705
     754     131.0828
     755     126.6976
     756     133.2752
     757     131.2578
     758     130.1767
     759     127.7821
     760     126.8378
     761     124.1175
     762     129.9494
     763     130.6265
     764     130.4654
     765     126.1500
     766     131.8550
     767     127.4118
     768     126.3623
     769     125.2169
     770     126.2697
     771     131.7658
     772     123.4379
     773     126.1115
     774     130.6130
     775     129.5847
     776     126.2300
     777     126.0928
     778     127.3974
     779     126.4878
     780     128.3284
     781     127.2382
     782     128.6854
     783     127.4463
     784     126.8261
     785     128.5356
     786     122.3600
     787     126.7778
     788     128.2112
     789     127.9340
     790     125.1725
     791     121.0956
     792     128.5358
     793     119.9833
     794     118.0335
     795     125.2303
     796     122.5247
     797     122.0150
     798     123.2363
     799     123.4955
     800     124.5326
     801     128.9489
     802     121.9781
     803     121.7585
     804     119.7780
     805     117.3579
     806     120.8881
     807     117.3908
     808     117.7238
     809     118.4048
     810     119.1885
     811     118.1269
     812     126.5344
     813     122.5380
     814     123.0816
     815     125.7246
     816     125.9379
     817     127.3359
     818     127.5253
     819     127.7615
     820     130.4134
     821     124.8863
     822     129.1524
     823     131.0839
     824     131.7115
     825     130.7938
     826     127.6918
     827     128.1428
     828     127.8415
     829     126.6956
     830     128.9529
     831     129.9758
     832     126.4991
     833     129.5390
     834     127.5405
     835     126.0881
     836     129.6783
     837     121.5443
     838     125.5572
     839     124.5256
     840     125.3388
     841     122.4465
     842     126.3808
     843     122.8169
     844     122.4532
     845     124.6013
     846     128.3115
     847     127.8918
     848     128.1244
     849     125.4095
     850     126.8000
     851     121.9713
     852     127.5061
     853     125.1665
     854     123.8348
     855     122.6076
     856     122.2943
     857     123.2956
     858     121.8694
     859     126.2320
     860     126.2610
     861     124.1444
     862     123.5538
     863     122.9990
     864     121.6744
     865     124.1102
     866     122.4388
     867     125.6234
     868     128.8404
     869     119.2553
     870     124.0089
     871     124.8574
     872     123.4704
     873     127.0531
     874     121.0075
     875     124.1477
     876     121.2436
     877     121.4473
     878     121.4738
     879     120.1929
     880     119.2726
     881     118.4779
     882     123.9390
     883     121.1414
     884     119.2951
     885     115.6763
     886     120.6451
     887     120.8478
     888     125.9621
     889     121.7329
     890     126.3086
     891     124.0444
     892     124.7306
     893     123.1838
     894     125.0000
     895     123.4689
     896     121.5851
     897     121.3760
     898     122.1488
     899     120.8647
     900     123.1999
     901     121.6591
     902     121.9703
     903     122.0387
     904     119.3130
     905     122.9828
     906     121.4688
     907     117.2188
     908     123.7216
     909     121.9470
     910     122.7651
     911     124.3714
     912     123.1529
     913     122.0067
     914     124.5674
     915     121.4813
     916     119.5561
     917     121.7224
     918     122.7886
     919     124.6711
     920     121.7084
     921     119.2185
     922     120.8990
     923     122.9837
     924     122.8574
     925     125.0508
     926     122.9349
     927     121.8317
     928     121.4703
     929     116.8645
     930     120.5918
     931     122.3227
     932     119.4293
     933     120.4578
     934     119.1644
     935     118.7180
     936     115.4918
     937     119.8138
     938     114.5360
     939     118.6723
     940     114.8468
     941     118.5558
     942     123.9353
     943     125.2056
     944     123.2700
     945     125.2370
     946     124.9064
     947     123.3437
     948     121.8720
     949     127.1186
     950     124.2280
     951     121.2042
     952     118.3346
     953     118.4174
     954     122.3159
     955     126.6639
     956     123.3179
     957     123.1938
     958     123.9597
     959     124.2955
     960     121.7125
     961     122.0143
     962     119.9968
     963     122.1344
     964     121.7727
     965     121.1907
     966     123.1222
     967     126.4191
     968     124.5564
     969     124.0774
     970     124.4271
     971     122.0187
     972     119.6987
     973     125.0340
     974     126.3949
     975     122.3461
     976     121.4419
     977     122.6351
     978     119.2498
     979     124.4065
     980     120.5904
     981     119.7949
     982     121.5670
     983     123.0070
     984     123.7533
     985     123.4486
     986     126.6197
     987     124.5880
     988     125.2760
     989     126.1341
     990     127.5037
     991     123.6145
     992     122.7301
     993     125.8098
     994     125.1035
     995     126.3157
     996     125.8040
     997     124.6848
     998     122.0767
     999     123.7431
    1000     123.4829
    1001     124.8236
    1002     127.3472
    1003     128.6034
    1004     124.0670
    1005     123.5558
    1006     124.1301
    1007     125.8798
    1008     127.0335
    1009     125.2576
    1010     124.8570
    1011     122.0543
    1012     122.5719
    1013     124.3235
    1014     120.9420
    1015     122.3056
    1016     121.9014
    1017     123.8757
    1018     121.2326
    1019     124.9513
    1020     121.8947
    1021     126.2265
    1022     123.2910
    1023     124.1480
    1024     124.3381
    1025     121.4999
    1026     125.7040
    1027     122.3525
    1028     121.9284
    1029     122.6345
    1030     120.8931
    1031     121.4835
    1032     121.9250
    1033     127.3173
    1034     123.5796
    1035     123.8606
    1036     121.0963
    1037     124.4262
    1038     122.8188
    1039     122.5859
    1040     125.9487
    1041     129.6242
    1042     123.6928
    1043     123.1911
    1044     125.6690
    1045     128.4234
    1046     124.8452
    1047     123.7170
    1048     123.8987
    1049     122.2607
    1050     124.0914
    1051     126.3869
    1052     125.2600
    1053     121.3117
    1054     130.1383
    1055     125.6470
    1056     127.7819
    1057     129.7581
    1058     128.9698
    1059     127.4909
    1060     125.1627
    1061     125.7597
    1062     128.2426
    1063     128.3830
    1064     125.8315
    1065     129.6073
    1066     130.2422
    1067     129.9554
    1068     129.9725
    1069     129.6451
    1070     126.1788
    1071     123.6030
    1072     129.6246
    1073     132.4831
    1074     130.9767
    1075     126.4839
    1076     127.1691
    1077     125.5828
    1078     129.0924
    1079     128.2340
    1080     129.8659
    1081     128.2996
    1082     125.0481
    1083     128.0760
    1084     124.7285
    1085     126.4462
    1086     127.2136
    1087     127.2023
    1088     131.6633
    1089     130.0687
    1090     130.9939
    1091     128.2699
    1092     128.0408
    1093     128.6315
    1094     131.6114
    1095     134.0520
    1096     130.6182
    1097     129.2905
    1098     131.8790
    1099     129.9540
    1100     129.0225
    1101     127.8777
    1102     130.9332
    1103     128.4132
    1104     130.6805
    1105     131.7350
    1106     128.0453
    1107     131.7936
    1108     130.7591
    1109     129.3908
    1110     128.6365
    1111     130.1150
    1112     133.0265
    1113     128.6994
    1114     130.8488
    1115     126.6928
    1116     130.8038
    1117     131.8090
    1118     131.4624
    1119     129.5438
    1120     132.9434
    1121     128.7462
    1122     132.3191
    1123     128.9300
    1124     130.6205
    1125     130.3254
    1126     130.4900
    1127     123.7819
    1128     132.5174
    1129     126.4101
    1130     129.0826
    1131     128.8048
    1132     124.8841
    1133     128.7970
    1134     127.2671
    1135     122.1804
    1136     125.2173
    1137     125.2357
    1138     126.3818
    1139     130.2075
    1140     126.9032
    1141     126.5857
    1142     125.5388
    1143     129.4542
    1144     131.2366
    1145     127.9378
    1146     128.4431
    1147     126.7183
    1148     125.0827
    1149     123.0008
    1150     123.1794
    1151     121.0390
    1152     123.1455
    1153     125.2484
    1154     127.8254
    1155     127.0143
    1156     126.1324
    1157     125.8525
    1158     123.0530
    1159     122.5787
    1160     127.6728
    1161     121.1253
    1162     120.9925
    1163     126.8428
    1164     123.2738
    1165     120.4933
    1166     124.5109
    1167     123.4862
    1168     126.8369
    1169     121.9046
    1170     122.2598
    1171     122.5803
    1172     127.9856
    1173     128.4758
    1174     123.5084
    1175     124.6789
    1176     125.7320
    1177     125.8560
    1178     124.9858
    1179     122.3108
    1180     124.9677
    1181     119.7249
    1182     124.8979
    1183     123.0928
    1184     122.6367
    1185     121.6719
    1186     120.9351
    1187     122.4705
    1188     122.2361
    1189     120.9649
    1190     123.3869
    1191     125.5567
    1192     122.7781
    1193     121.9892
    1194     122.6379
    1195     128.4303
    1196     120.7724
    1197     123.6493
    1198     124.4876
    1199     132.7979
    1200     125.1993
    1201     126.8330
    1202     129.5060
    1203     130.4137
    1204     129.0347
    1205     128.8608
    1206     127.5651
    1207     128.4457
    1208     126.1583
    1209     125.6044
    1210     124.0233
    1211     126.5744
    1212     121.0276
    1213     121.6862
    1214     121.2429
    1215     124.8463
    1216     124.2897
    1217     120.7838
    1218     124.5180
    1219     126.3591
    1220     124.4340
    1221     123.0506
    1222     122.7936
    1223     123.5221
    1224     125.3048
    1225     120.8685
    1226     126.7327
    1227     123.8166
    1228     119.4141
    1229     125.0459
    1230     122.1141
    1231     125.3985
    1232     122.6251
    1233     122.5357
    1234     124.5760
    1235     122.5952
    1236     122.0928
    1237     122.7436
    1238     123.2241
    1239     124.6147
    1240     125.9664
    1241     122.9798
    1242     125.3949
    1243     121.3511
    1244     127.3350
    1245     123.3060
    1246     124.8678
    1247     124.7458
    1248     124.7467
    1249     124.6527
    1250     122.5796
    1251     121.6905
    1252     120.6419
    1253     117.3445
    1254     118.9067
    1255     124.9987
    1256     118.7498
    1257     120.3954
    1258     120.2553
    1259     122.1116
    1260     120.8555
    1261     120.0323
    1262     122.2681
    1263     125.9628
    1264     122.4005
    1265     123.5959
    1266     126.3162
    1267     125.5953
    1268     124.5829
    1269     121.7413
    1270     128.4802
    1271     127.2015
    1272     126.6549
    1273     122.0552
    1274     126.7390
    1275     126.3301
    1276     127.1358
    1277     126.1710
    1278     122.4240
    1279     122.3803
    1280     123.5262
    1281     124.9769
    1282     121.9446
    1283     124.6006
    1284     126.6535
    1285     126.2611
    1286     123.7785
    1287     123.9785
    1288     127.2401
    1289     122.8343
    1290     126.7412
    1291     127.4490
    1292     124.6036
    1293     128.1964
    1294     127.1432
    1295     129.2021
    1296     129.3170
    1297     125.7521
    1298     130.6677
    1299     132.0286
    1300     126.3890
    1301     122.7959
    1302     122.4680
    1303     120.3584
    1304     122.5705
    1305     121.7600
    1306     122.5942
    1307     124.8697
    1308     123.0544
    1309     123.1329
    1310     124.3035
    1311     123.7289
    1312     123.7906
    1313     122.0326
    1314     124.3631
    1315     124.4096
    1316     124.9718
    1317     124.7730
    1318     124.0283
    1319     123.5125
    1320     123.2370
    1321     124.7726
    1322     123.9413
    1323     123.6739
    1324     121.8003
    1325     121.3138
    1326     122.4388
    1327     124.4900
    1328     121.8369
    1329     123.2230
    1330     120.9871
    1331     125.9653
    1332     122.3306
    1333     121.0885
    1334     122.0988
    1335     123.5350
    1336     123.0168
    1337     124.1922
    1338     120.0556
    1339     122.7311
    1340     124.5898
    1341     120.2351
    1342     117.5198
    1343     119.4551
    1344     120.1153
    1345     119.6325
    1346     123.9066
    1347     120.3862
    1348     121.6222
    1349     119.9818
    1350     122.4444
    1351     121.3917
    1352     123.7837
    1353     124.6994
    1354     126.5277
    1355     125.4158
    1356     128.1410
    1357     122.2177
    1358     125.7538
    1359     124.1226
    1360     121.7557
    1361     119.9389
    1362     122.7748
    1363     123.8070
    1364     123.9829
    1365     126.4780
    1366     123.9677
    1367     121.8257
    1368     122.6995
    1369     124.4587
    1370     122.6637
    1371     125.4452
    1372     122.5494
    1373     120.8298
    1374     125.4390
    1375     121.1365
    1376     118.0164
    1377     119.8867
    1378     119.0571
    1379     121.3465
    1380     121.3117
    1381     125.0091
    1382     125.0505
    1383     123.3832
    1384     122.5865
    1385     122.2561
    1386     122.1864
    1387     119.9613
    1388     120.8435
    1389     119.2461
    1390     122.6676
    1391     120.3436
    1392     123.5684
    1393     120.5954
    1394     120.9306
    1395     122.7318
    1396     123.7049
    1397     122.7679
    1398     124.9188
    1399     122.6471
    1400     121.4191
    1401     123.9854
    1402     123.2503
    1403     123.1662
    1404     121.2051
    1405     118.4926
    1406     124.6821
    1407     121.5639
    1408     120.2653
    1409     119.5942
    1410     119.2711
    1411     121.7594
    1412     120.8301
    1413     120.4366
    1414     119.7908
    1415     118.4677
    1416     119.7429
    1417     120.9400
    1418     122.2673
    1419     124.2349
    1420     124.0256
    1421     118.5934
    1422     121.7330
    1423     120.6409
    1424     121.1609
    1425     121.3754
    1426     119.0491
    1427     116.1273
    1428     120.9129
    1429     118.6954
    1430     119.0289
    1431     121.4824
    1432     119.5879
    1433     119.2771
    1434     119.4931
    1435     121.0171
    1436     122.7468
    1437     119.0893
    1438     120.4618
    1439     123.5898
    1440     122.9461
    1441     122.2455
    1442     121.0000
    1443     126.5952
    1444     118.8809
    1445     120.6169
    1446     119.2253
    1447     123.2455
    1448     119.1952
    1449     121.1338
    1450     124.6520
    1451     122.1862
    1452     118.3927
    1453     123.2174
    1454     121.8180
    1455     119.7955
    1456     120.8835
    1457     121.6942
    1458     121.2556
    1459     122.3922
    1460     122.6364
    1461     126.6971
    1462     129.2425
    1463     124.8663
    1464     127.3074
    1465     127.8323
    1466     129.7660
    1467     126.9681
    1468     125.3541
    1469     122.8814
    1470     128.0152
    1471     127.5398
    1472     123.1924
    1473     124.4388
    1474     125.0309
    1475     130.7777
    1476     122.4819
    1477     119.4885
    1478     119.5997
    1479     117.8136
    1480     120.1657
    1481     121.1547
    1482     122.3245
    1483     123.2088
    1484     124.7117
    1485     122.9125
    1486     123.5930
    1487     120.2672
    1488     119.8430
    1489     125.0043
    1490     122.3579
    1491     129.0378
    1492     126.2491
    1493     121.3831
    1494     123.5503
    1495     120.4513
    1496     124.4716
    1497     121.6673
    1498     118.4547
    1499     130.3594
    1500     126.4094
    1501     128.8197
    1502     127.0879
    1503     126.0928
    1504     125.8292
    1505     129.5403
    1506     127.9060
    1507     127.6026
    1508     128.4614
    1509     126.2680
    1510     127.3145
    1511     123.3987
    1512     122.1588
    1513     128.3464
    1514     125.1549
    1515     123.9625
    1516     128.1746
    1517     128.3623
    1518     131.2724
    1519     127.1057
    1520     128.7253
    1521     130.6348
    1522     133.0773
    1523     128.5388
    1524     127.3503
    1525     129.0446
    1526     125.8446
    1527     130.0340
    1528     132.2016
    1529     125.4817
    1530     125.9482
    1531     129.6022
    1532     130.1281
    1533     127.2323
    1534     128.7543
    1535     128.1283
    1536     130.7530
    1537     126.9572
    1538     123.7855
    1539     126.4050
    1540     124.5443
    1541     126.3028
    1542     127.8944
    1543     125.9904
    1544     124.2792
    1545     126.9842
    1546     125.9443
    1547     127.0936
    1548     125.3818
    1549     129.8397
    1550     133.9344
    1551     127.7603
    1552     127.1747
    1553     129.3536
    1554     126.9798
    1555     128.2728
    1556     125.6975
    1557     129.5978
    1558     128.6327
    1559     125.3684
    1560     129.6216
    1561     130.9550
    1562     131.0900
    1563     131.9934
    1564     129.7802
    1565     132.3864
    1566     133.5324
    1567     130.6790
    1568     131.7160
    1569     132.2816
    1570     128.5658
    1571     129.0581
    1572     128.6310
    1573     132.8882
    1574     131.2611
    1575     131.4933
    1576     130.9021
    1577     131.2762
    1578     129.9183
    1579     130.5462
    1580     127.8428
    1581     129.6766
    1582     125.5829
    1583     128.7862
    1584     128.4708
    1585     129.0901
    1586     129.8921
    1587     128.3346
    1588     129.0831
    1589     131.1446
    1590     131.1251
    1591     133.0273
    1592     128.7937
    1593     130.9225
    1594     128.0478
    1595     130.1627
    1596     129.4277
    1597     132.5082
    1598     131.0446
    1599     133.3661
    1600     132.9058
    1601     132.0843
    1602     134.0169
    1603     131.9287
    1604     132.8134
    1605     134.8489
    1606     133.9311
    1607     135.1529
    1608     132.6901
    1609     132.2314
    1610     132.2644
    1611     132.9891
    1612     132.9245
    1613     133.2487
    1614     132.0422
    1615     130.1059
    1616     135.0506
    1617     132.3483
    1618     131.0356
    1619     128.7277
    1620     131.2046
    1621     132.6227
    1622     132.5366
    1623     128.2102
    1624     131.4570
    1625     133.6241
    1626     128.7090
    1627     130.1460
    1628     133.6833
    1629     131.3058
    1630     128.8704
    1631     132.0042
    1632     130.3882
    1633     136.3134
    1634     133.7830
    1635     130.9925
    1636     128.6475
    1637     126.4757
    1638     132.7438
    1639     132.7703
    1640     126.6580
    1641     126.1324
    1642     127.2579
    1643     130.4189
    1644     130.5505
    1645     127.0609
    1646     126.1580
    1647     128.0855
    1648     127.2923
    1649     124.0563
    1650     126.6927
    1651     126.4496
    1652     129.2542
    1653     129.0430
    1654     123.6207
    1655     125.3230
    1656     130.8636
    1657     129.7565
    1658     129.2472
    1659     130.3579
    1660     130.7044
    1661     129.9281
    1662     128.7338
    1663     128.1956
    1664     122.9875
    1665     129.7049
    1666     127.3152
    1667     128.4971
    1668     124.4672
    1669     129.1138
    1670     131.2520
    1671     125.4972
    1672     126.0573
    1673     127.2115
    1674     126.9946
    1675     129.9024
    1676     129.9754
    1677     130.6097
    1678     128.4858
    1679     124.7324
    1680     126.5244
    1681     121.3504
    1682     126.8207
    1683     127.9560
    1684     126.0542
    1685     133.0175
    1686     127.9891
    1687     131.2428
    1688     129.6684
    1689     131.4005
    1690     127.3912
    1691     131.1516
    1692     130.2198
    1693     129.0115
    1694     129.6506
    1695     129.6656
    1696     128.2707
    1697     127.3410
    1698     126.8897
    1699     124.5004
    1700     133.4793
    1701     126.2469
    1702     126.5271
    1703     125.9757
    1704     124.1639
    1705     127.6602
    1706     124.8796
    1707     127.1505
    1708     127.1956
    1709     130.6361
    1710     127.8408
    1711     128.7872
    1712     126.8100
    1713     125.5453
    1714     128.5111
    1715     129.3459
    1716     129.9991
    1717     127.7362
    1718     127.3121
    1719     122.8373
    1720     128.0892
    1721     127.9097
    1722     129.8728
    1723     127.1650
    1724     124.2233
    1725     126.5204
    1726     126.0039
    1727     129.4806
    1728     128.6025
    1729     125.7306
    1730     127.8298
    1731     129.9464
    1732     128.8214
    1733     126.6111
    1734     128.8894
    1735     126.3925
    1736     126.7747
    1737     125.9149
    1738     127.8687
    1739     128.9149
    1740     128.2427
    1741     127.6676
    1742     129.3063
    1743     126.3641
    1744     129.1013
    1745     130.8750
    1746     130.2651
    1747     125.2098
    1748     129.4197
    1749     126.3858
    1750     126.9196
    1751     127.3346
    1752     126.9591
    1753     129.0781
    1754     128.4860
    1755     130.9797
    1756     126.4635
    1757     126.3265
    1758     130.6015
    1759     130.2823
    1760     130.2749
    1761     128.6889
    1762     130.6539
    1763     130.7508
    1764     130.0216
    1765     127.9332
    1766     131.3064
    1767     130.4699
    1768     128.7705
    1769     132.3529
    1770     134.2233
    1771     130.0336
    1772     132.3061
    1773     133.1538
    1774     130.2456
    1775     130.8853
    1776     130.0824
    1777     126.1276
    1778     124.0955
    1779     122.8368
    1780     127.1625
    1781     125.1582
    1782     127.7011
    1783     128.6862
    1784     129.0827
    1785     127.6033
    1786     129.5944
    1787     129.7679
    1788     130.3829
    1789     131.3923
    1790     127.1661
    1791     128.3214
    1792     127.9573
    1793     128.7037
    1794     128.4773
    1795     130.5713
    1796     129.5485
    1797     128.9205
    1798     127.4466
    1799     126.1259
    1800     129.1526
    1801     124.4596
    1802     124.5448
    1803     128.3566
    1804     130.4989
    1805     126.0309
    1806     124.5238
    1807     127.2544
    1808     123.9719
    1809     122.1552
    1810     125.5419
    1811     120.8646
    1812     123.2530
    1813     123.1534
    1814     125.6098
    1815     125.5429
    1816     122.2305
    1817     119.8770
    1818     122.9340
    1819     124.5704
    1820     121.9287
    1821     126.1330
    1822     126.5864
    1823     127.0630
    1824     125.5149
    1825     124.1443
    1826     126.8778
    1827     129.3456
    1828     125.3727
    1829     123.0210
    1830     126.2824
    1831     123.1266
    1832     123.6249
    1833     128.8168
    1834     125.0184
    1835     123.3624
    1836     121.7647
    1837     122.3234
    1838     124.9624
    1839     124.4318
    1840     126.2359
    1841     123.4407
    1842     125.5051
    1843     126.2686
    1844     123.2885
    1845     125.3267
    1846     121.6610
    1847     121.0011
    1848     126.1276
    1849     122.7369
    1850     125.5589
    1851     124.9783
    1852     122.4680
    1853     122.1687
    1854     123.8732
    1855     121.4405
    1856     121.6842
    1857     127.0750
    1858     124.5541
    1859     124.1566
    1860     124.1678
    1861     123.0865
    1862     120.3503
    1863     123.7855
    1864     126.9082
    1865     124.1880
    1866     123.9186
    1867     126.5213
    1868     126.8718
    1869     128.4251
    1870     129.8982
    1871     131.9751
    1872     131.0720
    1873     127.5129
    1874     128.1480
    1875     125.7954
    1876     126.3141
    1877     127.3885
    1878     124.4368
    1879     128.1353
    1880     127.5046
    1881     121.9429
    1882     131.2169
    1883     133.8983
    1884     128.0521
    1885     127.4468
    1886     126.6610
    1887     124.8259
    1888     126.7780
    1889     126.5528
    1890     128.3571
    1891     130.5167
    1892     131.0302
    1893     131.3097
    1894     128.0441
    1895     126.7852
    1896     127.9071
    1897     130.0247
    1898     127.1069
    1899     125.8150
    1900     130.6222
    1901     129.5700
    1902     128.8068
    1903     131.1486
    1904     127.0111
    1905     125.3682
    1906     128.4889
    1907     128.7511
    1908     128.6718
    1909     130.1192
    1910     127.0196
    1911     127.1498
    1912     127.3309
    1913     130.0047
    1914     128.9215
    1915     126.0560
    1916     126.5655
    1917     127.6327
    1918     129.1425
    1919     129.5052
    1920     127.7707
    1921     130.1294
    1922     130.7309
    1923     128.5964
    1924     129.9266
    1925     129.3435
    1926     130.8771
    1927     127.9445
    1928     126.0978
    1929     129.8913
    1930     125.9561
    1931     126.6393
    1932     126.0536
    1933     127.1970
    1934     127.4003
    1935     127.6681
    1936     126.2670
    1937     130.1198
    1938     126.5675
    1939     123.8072
    1940     126.7880
    1941     128.1541
    1942     123.8310
    1943     125.5177
    1944     126.1208
    1945     126.4361
    1946     129.8768
    1947     130.1312
    1948     129.5060
    1949     125.0607
    1950     130.3830
    1951     132.6071
    1952     127.3532
    1953     130.9637
    1954     126.2327
    1955     127.4205
    1956     126.1604
    1957     121.8580
    1958     124.3061
    1959     125.4681
    1960     128.2752
    1961     127.1140
    1962     130.4678
    1963     130.1307
    1964     126.1790
    1965     126.4207
    1966     129.1118
    1967     129.2553
    1968     130.9039
    1969     133.6577
    1970     131.2450
    1971     130.9624
    1972     130.9674
    1973     131.0425
    1974     130.8079
    1975     129.9495
    1976     129.1183
    1977     133.8786
    1978     135.7934
    1979     134.8660
    1980     132.6144
    1981     134.3829
    1982     133.5279
    1983     132.2872
    1984     135.3364
    1985     130.1403
    1986     132.6901
    1987     128.1298
    1988     129.5716
    1989     130.7905
    1990     129.0449
    1991     131.1802
    1992     127.8305
    1993     130.7868
    1994     130.6856
    1995     129.5668
    1996     129.9712
    1997     132.7464
    1998     133.0934
    1999     132.3439
    2000     133.7305
    2001     134.8177
    2002     133.2403
    2003     132.1884
    2004     133.6859
    2005     128.6285
    2006     130.2088
    2007     131.7009
    2008     133.9991
    2009     129.4148
    2010     131.4364
    2011     133.1572
    2012     131.0717
    2013     134.5680
    2014     132.3713
    2015     132.7952
    2016     131.7506
    2017     134.5331
    2018     134.2352
    2019     134.3321
    2020     132.6869
    2021     131.6821
    2022     133.6171
    2023     132.5740
    2024     134.1739
    2025     133.1177
    2026     132.7270
    2027     129.4275
    2028     131.7546
    2029     128.4744
    2030     129.9270
    2031     127.3552
    2032     134.2034
    2033     131.2675
    2034     131.8427
    2035     129.1297
    2036     130.4437
    2037     130.9064
    2038     133.9374
    2039     132.5999
    2040     126.7871
    2041     131.1858
    2042     131.3694
    2043     129.5920
    2044     130.0844
    2045     125.7762
    2046     124.6562
    2047     122.4221
    2048     122.6505
    2049     127.9308
    2050     128.1678
    2051     126.1863
    2052     128.9616
    2053     128.6917
    2054     124.4638
    2055     125.8692
    2056     127.5692
    2057     131.0216
    2058     127.4835
    2059     131.5995
    2060     130.3472
    2061     127.4080
    2062     127.3591
    2063     124.8560
    2064     128.4552
    2065     129.0835
    2066     127.7097
    2067     131.6169
    2068     133.1021
    2069     130.3717
    2070     129.7922
    2071     127.7953
    2072     126.7690
    2073     130.7459
    2074     130.7274
    2075     125.9360
    2076     130.8408
    2077     132.5766
    2078     128.5341
    2079     128.5812
    2080     131.2805
    2081     130.3213
    2082     134.1467
    2083     128.6016
    2084     129.9654
    2085     129.1140
    2086     131.4274
    2087     129.7424
    2088     127.9501
    2089     127.8629
    2090     127.4527
    2091     129.2206
    2092     129.2751
    2093     129.7701
    2094     127.4137
    2095     126.6669
    2096     127.9334
    2097     127.4022
    2098     127.2672
    2099     127.1727
    2100     126.4595
    2101     128.5908
    2102     125.4962
    2103     128.9487
    2104     130.2259
    2105     126.2920
    2106     127.4906
    2107     128.0503
    2108     127.7225
    2109     131.7463
    2110     128.2032
    2111     125.7417
    2112     128.8182
    2113     127.0634
    2114     127.0733
    2115     127.4373
    2116     124.4679
    2117     121.6747
    2118     125.1684
    2119     122.5809
    2120     128.7208
    2121     121.4405
    2122     120.3545
    2123     128.0762
    2124     128.0409
    2125     126.7166
    2126     124.6929
    2127     127.3816
    2128     126.7461
    2129     125.2309
    2130     129.3488
    2131     123.9108
    2132     126.4283
    2133     127.3676
    2134     130.0668
    2135     126.4060
    2136     129.3038
    2137     127.6607
    2138     127.5402
    2139     124.4408
    2140     123.3612
    2141     123.7160
    2142     118.4970
    2143     126.4857
    2144     122.9350
    2145     125.6035
    2146     125.4286
    2147     125.8579
    2148     124.2356
    2149     124.9937
    2150     122.8558
    2151     125.6635
    2152     129.3532
    2153     125.3689
    2154     126.0876
    2155     126.8741
    2156     124.2079
    2157     122.2608
    2158     129.6253
    2159     129.3383
    2160     124.3775
    2161     129.7171
    2162     129.4784
    2163     128.0579
    2164     130.3155
    2165     130.2613
    2166     131.6535
    2167     129.6830
    2168     130.1048
    2169     130.0441
    2170     131.6900
    2171     126.4706
    2172     129.6249
    2173     133.6064
    2174     131.7363
    2175     132.2965
    2176     126.8604
    2177     127.2752
    2178     130.6806
    2179     129.0093
    2180     128.8640
    2181     128.1269
    2182     129.7073
    2183     126.6261
    2184     128.5393
    2185     125.9028
    2186     126.8670
    2187     129.7476
    2188     131.3861
    2189     126.5475
    2190     127.9480
    2191     129.4722
    2192     131.7213
    2193     130.6968
    2194     128.5442
    2195     129.8509
    2196     127.9616
    2197     130.3072
    2198     129.3844
    2199     128.9397
    2200     131.2381
    2201     130.0822
    2202     131.9726
    2203     129.6233
    2204     130.6444
    2205     128.2741
    2206     130.2648
    2207     128.8708
    2208     126.5687
    2209     128.5592
    2210     130.7656
    2211     126.8803
    2212     129.7856
    2213     131.2173
    2214     129.0059
    2215     124.8822
    2216     130.9284
    2217     128.9310
    2218     133.0485
    2219     130.2630
    2220     132.7991
    2221     131.7549
    2222     132.3887
    2223     130.6563
    2224     132.6343
    2225     130.8126
    2226     128.0181
    2227     124.7601
    2228     127.3246
    2229     130.2447
    2230     126.7944
    2231     124.0099
    2232     130.8601
    2233     130.6470
    2234     129.4352
    2235     131.3153
    2236     133.2243
    2237     129.0501
    2238     126.5964
    2239     130.2607
    2240     131.5318
    2241     130.4189
    2242     128.2190
    2243     129.6129
    2244     131.3363
    2245     131.2140
    2246     130.9223
    2247     128.6296
    2248     131.3175
    2249     132.8622
    2250     130.9618
    2251     130.9268
