#Frame         angle2
       1     123.2258
       2     122.4452
       3     122.3848
       4     124.0312
       5     122.4254
       6     122.0071
       7     122.4565
       8     124.3864
       9     121.4553
      10     122.3365
      11     125.5726
      12     123.8327
      13     121.4163
      14     122.1890
      15     122.6116
      16     120.8915
      17     123.6214
      18     122.5077
      19     123.5230
      20     130.2209
      21     122.2851
      22     126.4766
      23     123.8854
      24     124.1180
      25     125.7526
      26     126.4124
      27     121.2732
      28     125.1661
      29     124.2597
      30     124.8041
      31     121.2848
      32     126.2919
      33     129.1645
      34     125.2251
      35     126.6781
      36     125.1150
      37     127.7643
      38     126.2863
      39     126.2235
      40     127.1145
      41     122.5377
      42     126.1619
      43     126.1732
      44     124.2517
      45     121.3738
      46     121.3999
      47     125.6146
      48     128.6128
      49     123.3808
      50     124.1767
      51     124.5527
      52     123.9624
      53     116.7037
      54     117.1063
      55     123.7967
      56     124.2255
      57     123.6186
      58     122.1319
      59     122.9669
      60     123.5148
      61     127.8132
      62     124.3392
      63     129.0619
      64     127.4565
      65     125.2539
      66     123.9182
      67     124.8871
      68     124.0138
      69     124.1431
      70     124.4129
      71     119.8360
      72     120.9317
      73     121.8344
      74     122.4612
      75     124.8467
      76     128.4270
      77     124.6064
      78     122.4084
      79     125.1834
      80     123.3582
      81     120.8504
      82     124.8225
      83     124.5938
      84     123.6855
      85     123.0183
      86     123.3975
      87     118.5295
      88     118.1426
      89     122.9696
      90     122.2186
      91     122.3218
      92     121.1556
      93     122.9192
      94     123.2203
      95     123.3481
      96     122.7166
      97     122.7264
      98     125.2653
      99     123.9553
     100     123.1482
     101     122.2487
     102     122.6714
     103     121.8725
     104     123.0643
     105     124.0298
     106     122.8319
     107     123.6082
     108     122.4134
     109     121.0144
     110     122.3442
     111     124.0370
     112     122.9388
     113     121.8958
     114     120.6807
     115     121.9785
     116     120.5274
     117     121.9369
     118     123.8751
     119     125.3958
     120     124.3742
     121     121.4074
     122     121.0159
     123     124.7152
     124     125.0437
     125     118.6685
     126     122.7631
     127     120.9318
     128     119.8427
     129     122.6409
     130     123.6027
     131     125.7539
     132     124.6042
     133     122.7973
     134     122.5218
     135     120.6962
     136     121.1496
     137     121.8151
     138     121.6931
     139     126.4823
     140     123.6129
     141     122.0696
     142     122.3963
     143     120.8264
     144     119.3005
     145     123.9918
     146     120.7795
     147     119.0470
     148     123.1504
     149     125.5515
     150     123.3919
     151     125.3616
     152     126.0119
     153     122.9787
     154     122.9141
     155     125.6770
     156     121.0579
     157     128.9387
     158     127.7499
     159     126.0358
     160     122.4438
     161     124.3429
     162     121.5282
     163     118.6011
     164     125.4201
     165     125.4928
     166     123.9152
     167     125.2781
     168     126.5616
     169     125.8829
     170     124.8978
     171     124.2927
     172     124.3494
     173     124.3971
     174     126.5132
     175     126.4212
     176     121.4264
     177     123.3593
     178     126.9838
     179     124.6499
     180     123.5373
     181     121.5413
     182     126.1309
     183     123.3516
     184     125.3746
     185     124.8051
     186     126.1979
     187     123.9776
     188     128.1017
     189     126.9523
     190     125.9910
     191     125.6241
     192     125.6845
     193     124.1515
     194     122.2199
     195     123.4161
     196     122.6870
     197     119.8607
     198     120.6781
     199     119.5707
     200     125.1378
     201     124.3225
     202     128.2179
     203     126.8805
     204     125.5104
     205     124.8094
     206     121.9394
     207     120.5146
     208     119.1779
     209     121.9700
     210     122.2185
     211     121.8237
     212     124.1932
     213     124.6268
     214     122.0015
     215     123.5255
     216     121.2143
     217     121.5392
     218     125.0362
     219     121.3012
     220     122.8807
     221     121.8159
     222     120.2856
     223     120.7955
     224     123.7086
     225     130.1756
     226     126.6592
     227     126.8132
     228     125.9084
     229     121.8788
     230     119.6725
     231     122.9461
     232     121.3422
     233     121.0902
     234     125.9996
     235     124.8695
     236     124.6172
     237     127.6487
     238     124.6264
     239     130.8508
     240     130.9293
     241     128.2792
     242     128.4654
     243     127.5756
     244     128.6940
     245     131.6307
     246     133.5181
     247     131.8872
     248     131.0794
     249     128.3256
     250     131.1289
     251     132.8956
     252     130.0839
     253     131.6833
     254     131.9352
     255     131.2377
     256     129.9119
     257     131.4058
     258     132.9566
     259     128.1819
     260     128.7087
     261     127.6927
     262     127.1893
     263     128.1026
     264     125.7322
     265     126.2535
     266     127.2178
     267     127.4357
     268     127.7904
     269     127.5868
     270     127.1335
     271     129.0247
     272     125.0852
     273     127.6613
     274     130.9510
     275     124.5848
     276     125.6604
     277     130.8216
     278     127.0863
     279     126.1536
     280     124.1006
     281     127.3998
     282     129.3309
     283     129.4892
     284     127.3997
     285     129.1586
     286     125.1315
     287     126.2869
     288     130.8281
     289     131.2763
     290     130.5662
     291     133.7186
     292     132.7158
     293     125.4114
     294     128.9024
     295     129.0213
     296     127.5586
     297     127.5173
     298     127.1717
     299     123.3315
     300     123.9659
     301     124.7235
     302     124.7240
     303     126.5328
     304     127.5144
     305     126.6930
     306     128.3902
     307     129.0549
     308     128.1598
     309     127.9560
     310     130.2036
     311     130.4906
     312     131.1035
     313     127.6292
     314     129.7168
     315     130.2602
     316     129.5461
     317     131.7943
     318     129.0570
     319     128.6970
     320     123.8442
     321     130.1245
     322     126.3144
     323     129.5151
     324     127.1123
     325     128.3622
     326     127.8127
     327     129.4607
     328     127.4105
     329     131.1722
     330     129.7297
     331     127.2912
     332     127.5531
     333     126.9586
     334     127.1407
     335     130.2624
     336     128.2164
     337     126.2131
     338     126.9193
     339     127.3488
     340     129.3887
     341     131.6719
     342     132.4649
     343     129.8784
     344     133.1310
     345     128.5269
     346     130.2123
     347     128.1554
     348     126.0563
     349     124.2375
     350     128.9091
     351     126.3076
     352     123.8898
     353     123.3302
     354     125.6606
     355     126.6936
     356     125.3465
     357     123.6852
     358     127.5757
     359     122.1945
     360     121.9992
     361     128.6451
     362     126.1441
     363     128.5003
     364     126.1899
     365     123.7745
     366     123.4718
     367     126.0574
     368     124.1085
     369     124.7434
     370     128.5673
     371     126.6888
     372     127.3974
     373     124.0550
     374     125.1301
     375     122.9882
     376     126.1563
     377     128.1454
     378     128.2570
     379     123.7814
     380     125.1868
     381     127.8775
     382     127.8925
     383     128.4547
     384     125.4599
     385     128.2150
     386     127.8278
     387     122.9213
     388     126.0503
     389     123.5122
     390     124.1180
     391     124.1913
     392     127.9315
     393     123.9072
     394     124.4757
     395     126.5711
     396     126.6442
     397     125.5971
     398     123.4871
     399     125.1404
     400     125.3804
     401     129.3531
     402     127.2736
     403     124.8825
     404     128.1566
     405     128.9991
     406     129.8149
     407     127.8248
     408     125.9999
     409     123.5220
     410     126.0754
     411     125.3654
     412     128.1292
     413     129.3234
     414     128.2594
     415     127.9261
     416     125.0105
     417     121.6729
     418     125.4069
     419     124.3923
     420     122.4679
     421     124.5816
     422     124.6906
     423     124.1891
     424     122.3126
     425     124.8538
     426     123.4507
     427     123.0400
     428     123.6612
     429     123.3198
     430     121.6863
     431     119.6609
     432     120.6112
     433     123.3374
     434     122.6161
     435     120.8258
     436     125.0621
     437     123.1745
     438     124.2814
     439     123.7421
     440     123.5418
     441     125.1737
     442     121.1877
     443     122.6640
     444     121.6049
     445     124.2162
     446     120.3394
     447     119.4821
     448     123.4636
     449     123.3846
     450     120.8289
     451     122.0319
     452     122.1636
     453     122.6118
     454     117.8986
     455     121.7908
     456     125.0146
     457     119.7080
     458     121.4177
     459     120.8975
     460     118.5586
     461     123.3782
     462     122.6845
     463     121.3915
     464     120.6358
     465     119.4669
     466     121.2588
     467     121.6210
     468     123.2421
     469     119.4490
     470     123.2140
     471     121.7818
     472     123.4112
     473     122.6549
     474     122.5748
     475     124.2314
     476     126.8390
     477     124.8345
     478     121.1729
     479     124.3702
     480     122.4294
     481     118.9900
     482     122.6762
     483     121.3098
     484     119.6586
     485     122.4097
     486     122.0421
     487     120.9862
     488     121.6512
     489     122.6948
     490     120.2247
     491     123.8094
     492     123.6433
     493     124.1257
     494     120.9042
     495     124.9696
     496     124.6857
     497     121.0840
     498     120.7026
     499     124.2112
     500     123.6556
     501     124.2662
     502     124.4264
     503     126.9587
     504     120.4055
     505     120.4745
     506     119.8399
     507     124.0222
     508     123.5056
     509     121.6548
     510     121.3879
     511     126.2751
     512     122.4264
     513     122.6623
     514     125.3416
     515     122.8540
     516     121.8031
     517     121.9490
     518     123.4660
     519     122.3925
     520     122.9202
     521     123.5338
     522     123.0251
     523     122.7200
     524     124.7138
     525     125.7179
     526     126.2588
     527     122.7621
     528     122.7529
     529     125.1490
     530     124.7206
     531     129.3901
     532     122.4878
     533     124.4322
     534     124.7445
     535     120.8720
     536     121.8332
     537     123.5337
     538     121.9357
     539     125.6414
     540     125.0350
     541     124.0345
     542     120.1787
     543     123.2390
     544     123.9578
     545     125.0642
     546     123.7494
     547     122.8597
     548     122.9966
     549     120.0841
     550     121.1626
     551     121.9316
     552     122.8402
     553     123.1222
     554     123.3451
     555     121.0178
     556     119.2661
     557     121.2003
     558     122.1257
     559     119.4201
     560     125.1182
     561     123.9252
     562     121.8235
     563     122.0573
     564     120.8574
     565     120.8624
     566     121.0952
     567     123.7208
     568     123.1971
     569     122.2204
     570     119.4803
     571     124.0008
     572     125.8457
     573     123.7776
     574     123.1827
     575     120.5120
     576     122.1898
     577     120.5150
     578     123.8551
     579     122.6868
     580     121.1984
     581     122.8486
     582     119.3180
     583     120.1423
     584     126.3089
     585     121.2260
     586     123.4449
     587     120.6304
     588     122.0068
     589     121.4708
     590     125.1152
     591     125.7851
     592     121.1554
     593     119.6022
     594     126.2218
     595     129.0832
     596     122.3406
     597     122.7537
     598     123.6940
     599     123.4264
     600     120.3050
     601     117.5326
     602     121.7005
     603     120.3848
     604     121.2642
     605     120.5251
     606     125.5265
     607     121.9942
     608     123.7203
     609     126.5174
     610     123.6835
     611     122.6168
     612     124.0107
     613     121.5628
     614     122.9917
     615     121.8890
     616     122.3749
     617     121.4460
     618     124.0975
     619     123.7955
     620     122.4520
     621     122.6259
     622     123.9668
     623     123.2887
     624     121.7368
     625     121.1736
     626     123.9140
     627     122.9408
     628     120.0703
     629     122.7840
     630     123.2550
     631     120.8205
     632     122.4281
     633     120.1532
     634     121.1882
     635     121.6427
     636     122.6849
     637     123.3613
     638     125.4162
     639     123.2265
     640     123.8882
     641     122.4358
     642     121.8489
     643     120.1788
     644     121.7316
     645     121.4546
     646     120.7648
     647     119.5370
     648     121.9803
     649     119.0495
     650     124.2029
     651     123.0673
     652     124.4807
     653     123.0710
     654     119.6856
     655     119.8595
     656     122.0444
     657     118.4611
     658     122.6572
     659     119.9597
     660     119.9238
     661     117.5350
     662     120.0857
     663     118.5952
     664     122.3126
     665     120.6246
     666     122.6518
     667     123.6923
     668     120.9056
     669     121.9072
     670     122.5157
     671     122.9486
     672     121.9050
     673     121.1511
     674     123.1534
     675     124.7197
     676     120.1224
     677     123.5047
     678     125.1156
     679     122.7138
     680     124.2216
     681     124.2726
     682     122.1766
     683     123.6195
     684     122.5824
     685     123.0775
     686     122.2268
     687     125.4880
     688     124.0404
     689     123.0872
     690     122.1886
     691     123.9267
     692     121.0083
     693     125.7758
     694     123.1436
     695     120.1054
     696     123.7210
     697     122.1062
     698     122.0536
     699     131.9828
     700     126.3455
     701     131.5225
     702     130.8332
     703     133.5487
     704     129.8122
     705     134.6683
     706     131.4437
     707     130.7354
     708     130.3539
     709     132.6036
     710     132.1223
     711     130.0628
     712     130.4533
     713     131.2470
     714     132.0811
     715     127.8459
     716     129.4047
     717     133.4711
     718     132.1745
     719     130.6020
     720     130.5228
     721     131.2221
     722     132.2655
     723     129.4008
     724     133.7514
     725     131.6209
     726     134.2996
     727     133.0684
     728     129.4809
     729     127.4880
     730     129.5313
     731     132.0640
     732     130.4215
     733     131.0986
     734     127.6292
     735     128.0510
     736     131.0860
     737     131.3774
     738     129.2639
     739     127.5298
     740     129.3140
     741     127.2942
     742     130.2132
     743     130.1012
     744     133.9166
     745     125.7140
     746     126.1595
     747     132.2220
     748     130.3682
     749     128.0552
     750     126.6673
     751     127.7502
     752     123.5811
     753     125.2250
     754     124.0282
     755     121.2394
     756     125.1491
     757     120.9864
     758     123.5129
     759     121.8458
     760     125.6292
     761     122.5692
     762     126.1385
     763     124.0559
     764     129.3543
     765     123.3225
     766     127.8447
     767     127.2799
     768     128.3297
     769     129.7528
     770     128.3662
     771     132.6852
     772     128.1967
     773     125.2251
     774     130.7931
     775     123.8819
     776     126.8903
     777     128.3065
     778     127.8190
     779     128.7601
     780     121.5460
     781     122.9163
     782     120.9908
     783     121.0753
     784     125.1102
     785     127.3028
     786     128.7473
     787     125.0699
     788     126.1492
     789     124.9184
     790     124.0569
     791     121.8742
     792     123.0273
     793     123.5996
     794     122.4755
     795     121.7224
     796     123.1913
     797     125.0729
     798     123.9477
     799     124.9740
     800     125.2505
     801     120.8599
     802     122.4505
     803     123.1229
     804     123.3470
     805     115.6761
     806     128.4408
     807     126.7088
     808     126.5313
     809     126.6368
     810     132.4584
     811     129.2234
     812     126.4684
     813     129.3547
     814     132.9062
     815     130.7691
     816     133.1786
     817     132.6565
     818     134.8184
     819     130.5491
     820     129.8506
     821     129.0840
     822     131.8267
     823     129.4269
     824     132.2623
     825     131.4049
     826     126.9893
     827     128.3039
     828     125.6629
     829     131.4649
     830     128.1810
     831     129.9005
     832     129.1087
     833     127.3872
     834     127.8260
     835     125.4567
     836     124.3194
     837     127.8329
     838     125.9655
     839     127.9124
     840     127.7686
     841     130.1236
     842     126.5351
     843     124.8843
     844     128.9251
     845     128.8570
     846     131.0712
     847     132.6245
     848     133.2316
     849     133.4394
     850     132.3079
     851     131.0231
     852     130.5887
     853     131.4810
     854     126.7152
     855     126.3169
     856     132.4742
     857     130.5078
     858     130.7517
     859     128.8639
     860     128.9667
     861     131.4115
     862     129.3295
     863     127.7383
     864     129.3040
     865     129.8660
     866     128.6831
     867     127.3715
     868     131.5993
     869     129.0790
     870     127.9904
     871     125.8480
     872     124.5556
     873     129.0015
     874     122.3606
     875     119.5986
     876     128.6959
     877     127.0611
     878     127.4820
     879     130.7630
     880     131.4043
     881     131.3669
     882     129.3653
     883     130.0957
     884     129.5521
     885     128.4573
     886     129.7086
     887     127.6980
     888     131.9091
     889     130.3068
     890     132.7586
     891     131.2814
     892     129.1370
     893     131.4949
     894     128.6414
     895     130.4954
     896     130.0170
     897     128.4859
     898     126.6455
     899     127.8461
     900     129.7312
     901     128.6945
     902     129.2050
     903     128.0808
     904     126.9774
     905     130.4993
     906     129.7085
     907     128.2271
     908     126.6223
     909     127.5053
     910     128.3403
     911     125.5044
     912     131.2052
     913     125.8476
     914     125.9297
     915     125.8669
     916     129.3652
     917     129.0126
     918     129.5064
     919     128.9272
     920     125.4094
     921     130.0728
     922     128.8567
     923     128.9369
     924     128.8518
     925     129.9314
     926     128.5518
     927     129.0841
     928     130.4793
     929     132.1664
     930     130.8423
     931     130.5840
     932     134.2748
     933     131.2293
     934     132.6836
     935     131.8696
     936     134.9255
     937     133.0610
     938     129.3546
     939     131.1494
     940     131.1404
     941     133.0130
     942     134.7472
     943     130.6673
     944     133.4939
     945     130.0067
     946     127.8584
     947     132.4834
     948     129.4473
     949     133.7615
     950     133.7479
     951     130.9377
     952     129.0922
     953     126.8304
     954     127.8345
     955     125.4846
     956     122.8439
     957     124.3514
     958     127.7325
     959     128.1120
     960     125.2218
     961     126.9670
     962     126.1875
     963     127.2778
     964     127.8919
     965     124.7634
     966     125.3103
     967     132.2640
     968     126.1859
     969     126.5224
     970     126.5495
     971     128.5056
     972     125.1109
     973     124.0821
     974     125.7772
     975     123.0141
     976     127.9711
     977     125.4435
     978     124.5315
     979     127.3262
     980     124.2033
     981     128.1553
     982     125.7048
     983     126.3209
     984     127.6858
     985     128.4835
     986     126.7333
     987     123.9150
     988     127.9622
     989     132.9304
     990     132.1394
     991     129.9183
     992     129.2954
     993     133.8044
     994     129.0892
     995     130.3296
     996     131.4441
     997     128.7666
     998     132.4414
     999     130.8279
    1000     129.3554
    1001     130.1325
    1002     130.4900
    1003     130.7569
    1004     129.6119
    1005     133.4507
    1006     127.6580
    1007     131.6095
    1008     130.2956
    1009     132.3868
    1010     131.5958
    1011     131.6295
    1012     133.2304
    1013     132.8097
    1014     132.5014
    1015     131.0243
    1016     131.2204
    1017     131.7177
    1018     131.0721
    1019     129.6751
    1020     129.3151
    1021     128.2667
    1022     133.1845
    1023     129.1336
    1024     125.8193
    1025     129.6273
    1026     126.8107
    1027     133.1516
    1028     130.7198
    1029     132.7592
    1030     128.6220
    1031     130.3198
    1032     127.5806
    1033     131.6601
    1034     133.0439
    1035     131.5412
    1036     130.6038
    1037     132.1572
    1038     130.4602
    1039     132.3382
    1040     127.8497
    1041     128.7407
    1042     132.2258
    1043     124.8087
    1044     127.7386
    1045     129.1923
    1046     124.9705
    1047     129.4507
    1048     130.5642
    1049     129.6504
    1050     126.9788
    1051     130.9901
    1052     127.0026
    1053     131.9432
    1054     129.5496
    1055     130.1810
    1056     130.1637
    1057     128.4767
    1058     125.6514
    1059     128.7830
    1060     132.5084
    1061     132.5390
    1062     129.6554
    1063     128.9964
    1064     130.6592
    1065     130.3334
    1066     129.9232
    1067     129.5444
    1068     129.1772
    1069     130.1569
    1070     130.0636
    1071     125.6143
    1072     128.4020
    1073     127.9114
    1074     127.3570
    1075     130.6145
    1076     129.4869
    1077     128.0281
    1078     126.6230
    1079     133.6159
    1080     128.8464
    1081     129.1632
    1082     125.2441
    1083     130.7377
    1084     128.5589
    1085     127.2763
    1086     126.9392
    1087     128.0769
    1088     132.9809
    1089     131.9030
    1090     133.0096
    1091     135.0115
    1092     134.4739
    1093     131.4953
    1094     131.7393
    1095     132.5571
    1096     131.4131
    1097     131.2253
    1098     131.2522
    1099     134.0315
    1100     131.1658
    1101     132.7467
    1102     129.2975
    1103     135.7979
    1104     132.6528
    1105     133.9801
    1106     130.8143
    1107     133.7593
    1108     131.2714
    1109     134.0378
    1110     133.8134
    1111     132.3889
    1112     130.6104
    1113     132.1908
    1114     133.4259
    1115     136.4286
    1116     133.1205
    1117     134.3747
    1118     136.2668
    1119     132.0055
    1120     133.2223
    1121     131.9810
    1122     132.6933
    1123     126.1138
    1124     129.1731
    1125     130.2682
    1126     129.7983
    1127     127.2308
    1128     125.5337
    1129     131.5071
    1130     130.7265
    1131     134.4426
    1132     133.7393
    1133     132.3692
    1134     132.4756
    1135     135.8235
    1136     131.9190
    1137     133.9263
    1138     131.5786
    1139     129.8623
    1140     134.8416
    1141     130.6206
    1142     131.8350
    1143     133.2718
    1144     135.5112
    1145     133.4653
    1146     132.5442
    1147     134.6793
    1148     131.3639
    1149     130.4876
    1150     128.9699
    1151     131.1340
    1152     133.4860
    1153     131.5921
    1154     133.3330
    1155     132.6152
    1156     133.4999
    1157     132.8979
    1158     132.4685
    1159     130.2022
    1160     132.4696
    1161     128.2531
    1162     130.0324
    1163     128.7560
    1164     133.0745
    1165     131.6592
    1166     126.9116
    1167     129.7656
    1168     128.6097
    1169     132.6781
    1170     128.4957
    1171     126.9262
    1172     129.6859
    1173     129.0338
    1174     129.2475
    1175     133.7480
    1176     133.3212
    1177     134.6449
    1178     132.4957
    1179     132.3146
    1180     134.2386
    1181     129.6568
    1182     131.5408
    1183     131.0607
    1184     130.7888
    1185     133.5244
    1186     132.3736
    1187     129.5000
    1188     131.1802
    1189     132.3599
    1190     131.7323
    1191     130.6811
    1192     129.9003
    1193     129.3162
    1194     129.0031
    1195     125.0276
    1196     129.7395
    1197     129.9771
    1198     130.4209
    1199     129.3607
    1200     128.5851
    1201     130.5745
    1202     126.0140
    1203     128.0223
    1204     126.4788
    1205     133.0842
    1206     131.0268
    1207     129.6472
    1208     127.4397
    1209     131.3286
    1210     129.9713
    1211     131.5245
    1212     133.1497
    1213     130.7635
    1214     131.4828
    1215     127.8027
    1216     129.7261
    1217     132.5441
    1218     134.1729
    1219     130.9250
    1220     132.0176
    1221     131.8519
    1222     130.7308
    1223     129.5670
    1224     130.2508
    1225     127.1952
    1226     128.2500
    1227     126.6922
    1228     130.5465
    1229     132.8247
    1230     130.1240
    1231     131.1980
    1232     129.8638
    1233     131.8756
    1234     131.0716
    1235     129.9127
    1236     129.3612
    1237     129.2763
    1238     129.5803
    1239     132.5215
    1240     132.3290
    1241     129.5462
    1242     127.8057
    1243     132.4280
    1244     130.2033
    1245     129.6834
    1246     130.3876
    1247     130.9622
    1248     132.8972
    1249     131.8200
    1250     131.8633
    1251     129.9080
    1252     127.0476
    1253     131.6062
    1254     132.2485
    1255     128.4700
    1256     132.8662
    1257     129.7098
    1258     133.6466
    1259     132.8532
    1260     133.2558
    1261     131.8506
    1262     132.8045
    1263     129.0318
    1264     129.3337
    1265     133.1874
    1266     132.5591
    1267     132.0062
    1268     128.0636
    1269     129.8652
    1270     130.7010
    1271     128.8923
    1272     131.2916
    1273     124.7258
    1274     126.3034
    1275     128.1732
    1276     129.5579
    1277     131.8912
    1278     130.0566
    1279     128.0274
    1280     129.3671
    1281     127.9825
    1282     126.1662
    1283     130.2145
    1284     132.7370
    1285     131.6801
    1286     132.8930
    1287     132.1065
    1288     129.6606
    1289     128.9879
    1290     131.0136
    1291     129.8794
    1292     132.2847
    1293     132.0426
    1294     132.6850
    1295     130.8463
    1296     124.3566
    1297     130.8055
    1298     128.3899
    1299     129.2283
    1300     124.4021
    1301     129.2571
    1302     131.6248
    1303     126.8537
    1304     131.2596
    1305     128.1374
    1306     127.2726
    1307     132.4409
    1308     134.8007
    1309     132.8362
    1310     132.3179
    1311     130.3084
    1312     124.7551
    1313     131.8722
    1314     131.3187
    1315     132.1405
    1316     130.2427
    1317     128.1320
    1318     130.0048
    1319     129.3806
    1320     127.2601
    1321     132.2343
    1322     128.3913
    1323     125.0153
    1324     129.4872
    1325     127.3931
    1326     128.3884
    1327     131.5906
    1328     131.5274
    1329     127.5533
    1330     130.6316
    1331     131.6554
    1332     126.2277
    1333     132.2013
    1334     124.9647
    1335     124.8925
    1336     131.3161
    1337     129.4666
    1338     129.3373
    1339     133.7652
    1340     132.8941
    1341     132.7022
    1342     131.7319
    1343     135.0238
    1344     132.3063
    1345     131.6963
    1346     132.2017
    1347     133.8077
    1348     134.6055
    1349     130.3804
    1350     132.5436
    1351     131.5135
    1352     132.7729
    1353     132.7737
    1354     133.0210
    1355     132.9736
    1356     131.7875
    1357     129.6752
    1358     128.8196
    1359     131.6103
    1360     128.3450
    1361     128.6471
    1362     130.1535
    1363     129.1167
    1364     131.5118
    1365     132.1484
    1366     129.5741
    1367     131.9936
    1368     130.5132
    1369     126.5637
    1370     129.0532
    1371     129.0055
    1372     131.3716
    1373     133.9826
    1374     132.8836
    1375     131.5050
    1376     134.4061
    1377     133.9125
    1378     130.8886
    1379     133.2475
    1380     135.2979
    1381     127.8740
    1382     131.1885
    1383     129.3766
    1384     129.5570
    1385     128.4712
    1386     132.5698
    1387     127.4937
    1388     128.8184
    1389     132.3175
    1390     129.8547
    1391     130.7974
    1392     128.6199
    1393     131.2682
    1394     131.9377
    1395     129.2100
    1396     130.0124
    1397     129.5640
    1398     130.1517
    1399     128.7343
    1400     131.1354
    1401     127.8536
    1402     130.1267
    1403     130.0985
    1404     130.7698
    1405     125.1970
    1406     129.9002
    1407     132.8023
    1408     130.0593
    1409     129.5373
    1410     133.1176
    1411     133.0838
    1412     129.9530
    1413     132.1115
    1414     128.3287
    1415     131.3404
    1416     134.2533
    1417     134.4074
    1418     132.2946
    1419     132.3221
    1420     130.6349
    1421     131.5095
    1422     133.0296
    1423     129.1066
    1424     130.6733
    1425     134.3623
    1426     136.2465
    1427     130.9995
    1428     131.0891
    1429     133.1077
    1430     131.5768
    1431     130.9385
    1432     134.0687
    1433     132.9235
    1434     127.6049
    1435     131.4586
    1436     130.2383
    1437     126.8452
    1438     132.9440
    1439     128.3158
    1440     128.6170
    1441     131.2232
    1442     128.2311
    1443     129.7993
    1444     132.6439
    1445     133.3325
    1446     129.0845
    1447     131.9740
    1448     134.9151
    1449     131.5877
    1450     131.0595
    1451     129.6717
    1452     128.9620
    1453     129.4843
    1454     128.7797
    1455     129.9646
    1456     128.1402
    1457     130.8827
    1458     126.7270
    1459     130.3261
    1460     130.4889
    1461     127.2548
    1462     126.8391
    1463     129.0531
    1464     127.4512
    1465     128.1893
    1466     125.5668
    1467     130.3983
    1468     129.3613
    1469     127.0704
    1470     127.6510
    1471     129.8220
    1472     129.2125
    1473     131.0811
    1474     127.3631
    1475     131.9091
    1476     128.3344
    1477     125.7571
    1478     124.8523
    1479     131.4206
    1480     125.9032
    1481     132.4307
    1482     129.4453
    1483     132.4674
    1484     131.6490
    1485     129.1832
    1486     129.5477
    1487     122.3208
    1488     123.8809
    1489     125.4492
    1490     129.0126
    1491     132.9508
    1492     128.0592
    1493     130.1859
    1494     122.9328
    1495     125.7525
    1496     130.7349
    1497     128.9699
    1498     130.4137
    1499     130.9250
    1500     129.7488
    1501     129.3787
    1502     129.4889
    1503     129.2162
    1504     127.0610
    1505     128.7278
    1506     132.1787
    1507     130.8277
    1508     128.7748
    1509     130.5718
    1510     131.9925
    1511     134.3850
    1512     131.5293
    1513     129.3329
    1514     131.2591
    1515     134.2885
    1516     130.2621
    1517     131.2405
    1518     131.9976
    1519     130.5205
    1520     130.8293
    1521     130.0314
    1522     130.4792
    1523     128.0302
    1524     131.1511
    1525     132.3066
    1526     131.4081
    1527     129.2517
    1528     127.7208
    1529     130.5357
    1530     130.0096
    1531     125.9142
    1532     129.5846
    1533     127.7939
    1534     125.9231
    1535     131.8488
    1536     126.8569
    1537     128.4571
    1538     130.4469
    1539     128.5955
    1540     133.8875
    1541     129.4373
    1542     131.7367
    1543     127.8486
    1544     132.2318
    1545     128.5148
    1546     129.3930
    1547     128.5973
    1548     132.7833
    1549     130.9367
    1550     131.9778
    1551     128.5842
    1552     126.9951
    1553     128.0982
    1554     133.2707
    1555     132.8388
    1556     128.3648
    1557     126.4839
    1558     130.4198
    1559     126.5275
    1560     127.1706
    1561     127.9046
    1562     128.5381
    1563     129.2481
    1564     127.7328
    1565     128.7127
    1566     127.3945
    1567     130.6602
    1568     130.8347
    1569     131.9403
    1570     130.8734
    1571     130.9351
    1572     131.9223
    1573     129.8806
    1574     131.6541
    1575     131.8381
    1576     131.3839
    1577     132.2714
    1578     134.0142
    1579     131.4347
    1580     129.2145
    1581     129.7985
    1582     133.8947
    1583     130.4004
    1584     132.4141
    1585     132.7185
    1586     130.5895
    1587     132.4395
    1588     129.2722
    1589     133.0622
    1590     134.3751
    1591     131.0159
    1592     125.7240
    1593     132.1391
    1594     127.8049
    1595     132.1040
    1596     134.1433
    1597     130.3333
    1598     129.0677
    1599     133.3415
    1600     130.8709
    1601     126.7477
    1602     134.5068
    1603     127.8255
    1604     127.6042
    1605     123.9222
    1606     128.3777
    1607     132.6618
    1608     128.4996
    1609     126.6776
    1610     132.6246
    1611     128.9914
    1612     135.8938
    1613     129.6996
    1614     133.6742
    1615     134.1788
    1616     128.2128
    1617     130.4987
    1618     129.2434
    1619     131.3655
    1620     128.9429
    1621     130.2060
    1622     131.0751
    1623     132.9779
    1624     132.2637
    1625     131.5487
    1626     133.7263
    1627     131.0231
    1628     127.3544
    1629     130.8032
    1630     129.0711
    1631     130.1370
    1632     133.0004
    1633     128.1413
    1634     130.7835
    1635     129.0192
    1636     129.7578
    1637     132.6041
    1638     127.8621
    1639     129.4165
    1640     131.6997
    1641     132.8035
    1642     128.7337
    1643     130.9853
    1644     134.3815
    1645     134.3714
    1646     132.2317
    1647     130.7418
    1648     129.3905
    1649     133.7521
    1650     131.9583
    1651     131.3177
    1652     132.1041
    1653     134.3554
    1654     134.3193
    1655     131.6102
    1656     133.8018
    1657     130.0451
    1658     127.2004
    1659     128.3323
    1660     130.3331
    1661     131.6816
    1662     129.8797
    1663     131.1883
    1664     130.5756
    1665     131.7005
    1666     131.3212
    1667     133.4447
    1668     132.7353
    1669     133.4723
    1670     130.1911
    1671     129.4997
    1672     133.4108
    1673     130.4275
    1674     133.6172
    1675     135.0441
    1676     133.1900
    1677     132.2243
    1678     131.2266
    1679     133.5097
    1680     133.8248
    1681     135.8033
    1682     132.1174
    1683     134.2433
    1684     132.5429
    1685     134.6129
    1686     133.1869
    1687     133.0756
    1688     130.8011
    1689     132.9834
    1690     133.2394
    1691     131.3975
    1692     132.9465
    1693     134.6664
    1694     133.9416
    1695     131.8096
    1696     133.4751
    1697     134.0733
    1698     132.8465
    1699     131.4878
    1700     134.6565
    1701     134.1859
    1702     127.8010
    1703     132.6745
    1704     133.6672
    1705     131.7416
    1706     130.3242
    1707     133.5949
    1708     132.8906
    1709     130.1023
    1710     127.7106
    1711     131.2302
    1712     125.9497
    1713     131.0137
    1714     131.9086
    1715     130.7095
    1716     128.7793
    1717     124.6851
    1718     122.8825
    1719     126.4112
    1720     127.9368
    1721     123.0894
    1722     127.2144
    1723     128.2112
    1724     125.1429
    1725     125.7605
    1726     127.4634
    1727     126.4244
    1728     119.8689
    1729     127.0402
    1730     126.6349
    1731     127.1025
    1732     129.0381
    1733     126.2882
    1734     126.5010
    1735     128.5201
    1736     124.9266
    1737     124.4747
    1738     128.5340
    1739     129.0672
    1740     131.5935
    1741     129.6892
    1742     129.8539
    1743     133.2919
    1744     132.1654
    1745     129.3811
    1746     131.6188
    1747     130.7239
    1748     126.4152
    1749     126.3380
    1750     130.4207
    1751     131.6605
    1752     134.2669
    1753     132.2253
    1754     129.3989
    1755     132.7891
    1756     129.9723
    1757     127.5835
    1758     129.5650
    1759     130.3119
    1760     130.9711
    1761     129.3977
    1762     129.7646
    1763     130.6839
    1764     131.7244
    1765     134.0280
    1766     129.8430
    1767     134.6925
    1768     128.1228
    1769     131.2386
    1770     132.5123
    1771     132.1733
    1772     131.4816
    1773     131.0550
    1774     130.4845
    1775     132.7801
    1776     129.2591
    1777     131.4379
    1778     130.5274
    1779     130.8911
    1780     132.5094
    1781     127.9936
    1782     128.4858
    1783     130.6516
    1784     129.7839
    1785     131.2532
    1786     128.5744
    1787     128.1807
    1788     129.8427
    1789     129.2310
    1790     128.9294
    1791     129.5830
    1792     130.7574
    1793     132.0529
    1794     130.3032
    1795     132.2806
    1796     129.2290
    1797     134.7306
    1798     130.9007
    1799     131.5073
    1800     129.2056
    1801     128.4293
    1802     130.6996
    1803     126.7187
    1804     128.0384
    1805     129.1156
    1806     129.7837
    1807     131.9594
    1808     131.3642
    1809     124.7201
    1810     131.2673
    1811     133.0611
    1812     132.8352
    1813     132.5927
    1814     133.7075
    1815     132.9141
    1816     126.7951
    1817     126.6045
    1818     128.6086
    1819     132.7788
    1820     130.2372
    1821     130.6631
    1822     128.2174
    1823     130.0868
    1824     124.8761
    1825     128.5536
    1826     129.4159
    1827     130.5367
    1828     129.5671
    1829     131.8778
    1830     124.2025
    1831     129.2166
    1832     130.4648
    1833     128.7290
    1834     127.9752
    1835     129.5000
    1836     126.5560
    1837     131.7072
    1838     128.7853
    1839     129.3509
    1840     127.1952
    1841     127.8784
    1842     129.4732
    1843     130.5088
    1844     128.8159
    1845     132.2915
    1846     127.9532
    1847     127.9386
    1848     130.2179
    1849     133.4466
    1850     131.8303
    1851     132.8638
    1852     128.0672
    1853     133.5386
    1854     132.6219
    1855     126.0960
    1856     123.4388
    1857     125.9881
    1858     121.2036
    1859     123.1833
    1860     123.7980
    1861     124.2719
    1862     124.2118
    1863     126.5590
    1864     131.9527
    1865     129.4951
    1866     131.0451
    1867     128.7650
    1868     128.8580
    1869     131.5946
    1870     127.5163
    1871     129.6366
    1872     127.0053
    1873     128.8014
    1874     129.0194
    1875     129.6866
    1876     126.7619
    1877     127.8550
    1878     127.3424
    1879     127.2336
    1880     131.1455
    1881     126.8943
    1882     129.1290
    1883     132.4903
    1884     129.1213
    1885     129.5248
    1886     130.2868
    1887     130.9742
    1888     130.9864
    1889     132.2680
    1890     129.5930
    1891     130.1777
    1892     132.8406
    1893     132.6989
    1894     133.5119
    1895     130.3088
    1896     132.4775
    1897     132.4388
    1898     131.6157
    1899     133.5344
    1900     132.1587
    1901     132.4272
    1902     132.7885
    1903     129.6404
    1904     129.9567
    1905     131.8209
    1906     130.5913
    1907     131.0153
    1908     131.1569
    1909     132.3181
    1910     130.7171
    1911     130.4214
    1912     131.9066
    1913     130.8335
    1914     133.6316
    1915     131.6248
    1916     131.4686
    1917     132.1895
    1918     132.9523
    1919     133.6446
    1920     131.4223
    1921     130.2308
    1922     127.0868
    1923     131.8176
    1924     128.3420
    1925     131.8959
    1926     132.3197
    1927     133.2477
    1928     131.3619
    1929     132.2517
    1930     133.0999
    1931     126.4666
    1932     129.4659
    1933     133.6492
    1934     128.6729
    1935     127.1800
    1936     127.8400
    1937     122.2234
    1938     128.8146
    1939     127.8417
    1940     132.2704
    1941     130.7025
    1942     126.1363
    1943     127.8039
    1944     126.4895
    1945     121.0823
    1946     124.9159
    1947     125.9086
    1948     123.2502
    1949     125.0897
    1950     126.1031
    1951     125.0286
    1952     126.3393
    1953     126.1362
    1954     122.3430
    1955     125.4768
    1956     124.1211
    1957     123.7919
    1958     128.7626
    1959     127.4410
    1960     128.3734
    1961     128.8172
    1962     128.7815
    1963     126.2527
    1964     128.7213
    1965     127.6311
    1966     128.7958
    1967     126.9688
    1968     128.5286
    1969     126.7686
    1970     130.9426
    1971     128.5877
    1972     128.2049
    1973     133.3835
    1974     130.0006
    1975     127.7521
    1976     131.1267
    1977     125.4667
    1978     127.2391
    1979     132.5567
    1980     128.7640
    1981     128.1764
    1982     129.4915
    1983     128.9204
    1984     134.1295
    1985     133.8683
    1986     129.3019
    1987     126.8709
    1988     124.6951
    1989     127.3983
    1990     125.3923
    1991     128.1074
    1992     128.5075
    1993     135.5152
    1994     127.5631
    1995     130.3033
    1996     129.2762
    1997     130.2787
    1998     130.1130
    1999     129.8917
    2000     129.2983
    2001     132.2193
    2002     126.8187
    2003     131.3095
    2004     127.9968
    2005     128.8489
    2006     131.1028
    2007     132.2672
    2008     132.3576
    2009     130.2766
    2010     128.0760
    2011     129.6003
    2012     129.5246
    2013     129.3446
    2014     125.7632
    2015     124.0737
    2016     130.6824
    2017     127.6189
    2018     127.5129
    2019     125.3162
    2020     130.4925
    2021     128.6851
    2022     127.0431
    2023     127.4040
    2024     127.9097
    2025     131.9684
    2026     129.7244
    2027     131.1384
    2028     132.1804
    2029     128.2873
    2030     129.1250
    2031     127.4929
    2032     129.3899
    2033     127.7115
    2034     127.5553
    2035     129.6334
    2036     125.4131
    2037     131.0896
    2038     127.0046
    2039     127.7394
    2040     128.0566
    2041     126.9654
    2042     127.8743
    2043     128.2927
    2044     130.2061
    2045     130.2181
    2046     128.1054
    2047     129.7121
    2048     127.1016
    2049     128.2684
    2050     128.8210
    2051     126.1940
    2052     121.5319
    2053     126.0427
    2054     130.3843
    2055     127.8867
    2056     125.8050
    2057     120.7986
    2058     123.2183
    2059     125.9327
    2060     126.6677
    2061     127.2825
    2062     124.8354
    2063     124.0895
    2064     127.0171
    2065     127.2005
    2066     126.7819
    2067     124.3944
    2068     125.7655
    2069     128.1261
    2070     126.7532
    2071     128.1876
    2072     129.9628
    2073     127.7241
    2074     129.2561
    2075     125.8545
    2076     126.3699
    2077     128.8277
    2078     127.3456
    2079     127.4910
    2080     123.4289
    2081     122.9350
    2082     128.8684
    2083     125.4088
    2084     124.4631
    2085     125.8491
    2086     125.1270
    2087     128.7813
    2088     125.1181
    2089     128.8543
    2090     128.1880
    2091     124.3456
    2092     122.9888
    2093     122.6346
    2094     123.0910
    2095     122.3190
    2096     125.5712
    2097     124.1149
    2098     124.5692
    2099     124.1828
    2100     127.2960
    2101     127.7552
    2102     130.3422
    2103     130.4345
    2104     128.3956
    2105     129.4125
    2106     130.9222
    2107     130.7279
    2108     132.3206
    2109     133.2461
    2110     130.8840
    2111     131.5364
    2112     129.5820
    2113     130.6991
    2114     129.2217
    2115     132.1552
    2116     131.2548
    2117     130.0351
    2118     129.8728
    2119     128.9076
    2120     127.1637
    2121     127.2986
    2122     122.4307
    2123     127.3142
    2124     129.9204
    2125     132.9674
    2126     127.4932
    2127     127.4238
    2128     129.5579
    2129     128.8248
    2130     130.7264
    2131     130.5690
    2132     127.9133
    2133     129.3462
    2134     131.6901
    2135     131.2810
    2136     133.2547
    2137     131.0511
    2138     132.4144
    2139     128.3315
    2140     129.8786
    2141     126.2660
    2142     131.4556
    2143     126.9709
    2144     130.0851
    2145     133.4604
    2146     131.6551
    2147     130.2146
    2148     131.7583
    2149     130.8932
    2150     128.6316
    2151     131.4853
    2152     130.0289
    2153     134.2065
    2154     130.9124
    2155     134.6311
    2156     133.3373
    2157     132.1226
    2158     129.3007
    2159     131.3465
    2160     131.7424
    2161     131.3488
    2162     127.2360
    2163     132.1249
    2164     133.1203
    2165     133.1026
    2166     130.7472
    2167     129.9429
    2168     132.0756
    2169     132.2595
    2170     133.1956
    2171     132.2583
    2172     133.5787
    2173     133.3302
    2174     132.1708
    2175     131.7671
    2176     134.5990
    2177     133.5740
    2178     133.1682
    2179     132.8467
    2180     134.1965
    2181     133.3245
    2182     132.0215
    2183     128.5060
    2184     128.4163
    2185     130.6456
    2186     129.5109
    2187     128.6054
    2188     128.0939
    2189     129.5432
    2190     133.5661
    2191     131.5129
    2192     128.3398
    2193     131.8674
    2194     132.6086
    2195     129.6840
    2196     130.0220
    2197     129.6230
    2198     129.4630
    2199     131.8645
    2200     128.2271
    2201     129.4117
    2202     130.9674
    2203     129.0093
    2204     131.1387
    2205     126.0022
    2206     131.5920
    2207     129.6988
    2208     128.2663
    2209     129.6591
    2210     130.1440
    2211     133.2026
    2212     129.3926
    2213     132.9996
    2214     127.1066
    2215     128.0561
    2216     128.1306
    2217     127.4216
    2218     127.7647
    2219     128.1794
    2220     132.0115
    2221     127.0003
    2222     130.7544
    2223     131.5180
    2224     132.8025
    2225     133.6586
    2226     128.0254
    2227     130.4735
    2228     127.9929
    2229     134.7936
    2230     132.8101
    2231     127.2814
    2232     130.2713
    2233     125.7295
    2234     129.4054
    2235     131.4339
    2236     127.8724
    2237     133.1281
    2238     128.4330
    2239     127.7832
    2240     127.7144
    2241     125.6209
    2242     125.6012
    2243     128.8257
    2244     128.6158
    2245     129.2737
    2246     125.9483
    2247     126.4784
    2248     129.2435
    2249     125.0907
    2250     130.5652
    2251     129.0498
