0 3
1 4
2 2
3 3
4 5
5 3
6 3
7 3
8 2
9 3
10 3
11 4
12 3
13 4
14 3
15 7
16 2
17 2
18 5
19 4
20 7
21 5
22 2
23 3
24 4
25 3
26 4
27 5
28 2
29 3
30 2
31 1
32 2
33 3
34 5
35 1
36 1
37 3
38 4
39 1
40 3
41 1
42 1
43 5
44 2
45 3
46 6
47 2
48 2
49 4
50 1
51 5
52 2
53 5
54 3
55 3
56 3
57 2
58 3
59 4
60 2
61 1
62 5
63 4
64 3
65 4
66 4
67 2
68 2
69 3
70 3
71 5
72 4
73 3
74 4
75 5
76 5
77 4
78 4
79 5
80 2
81 5
82 5
83 4
84 3
85 4
86 5
87 3
88 3
89 3
90 7
91 4
92 7
93 2
94 4
95 4
96 6
97 4
98 5
99 0
100 1
101 3
102 5
103 3
104 5
105 5
106 5
107 2
108 5
109 4
110 5
111 3
112 1
113 2
114 6
115 3
116 3
117 3
118 5
119 1
120 5
121 6
122 3
123 1
124 5
125 5
126 2
127 2
128 3
129 3
130 4
131 4
132 1
133 4
134 7
135 1
136 6
137 2
138 5
139 2
140 3
141 2
142 5
143 8
144 5
145 2
146 4
147 1
148 3
149 3
150 5
151 4
152 4
153 4
154 2
155 3
156 3
157 5
158 6
159 8
160 6
161 5
162 5
163 6
164 5
165 7
166 7
167 5
168 6
169 8
170 4
171 8
172 7
173 6
174 6
175 5
176 4
177 5
178 6
179 5
180 4
181 7
182 3
183 2
184 6
185 4
186 7
187 4
188 5
189 8
190 4
191 7
192 6
193 4
194 6
195 5
196 6
197 5
198 5
199 7
200 4
201 4
202 4
203 2
204 4
205 4
206 7
207 4
208 3
209 2
210 5
211 3
212 6
213 4
214 5
215 8
216 6
217 7
218 5
219 6
220 6
221 7
222 3
223 5
224 5
225 3
226 4
227 3
228 4
229 5
230 4
231 5
232 3
233 4
234 0
235 4
236 4
237 5
238 4
239 5
240 3
241 4
242 3
243 3
244 6
245 4
246 3
247 6
248 5
249 4
250 7
251 6
252 4
253 5
254 2
255 5
256 6
257 6
258 4
259 2
260 0
261 4
262 6
263 3
264 2
265 3
266 2
267 4
268 5
269 4
270 3
271 4
272 6
273 3
274 3
275 3
276 4
277 3
278 3
279 3
280 8
281 5
282 4
283 2
284 4
285 5
286 6
287 8
288 3
289 2
290 5
291 9
292 2
293 6
294 5
295 6
296 8
297 7
298 5
299 7
300 7
301 5
302 3
303 6
304 4
305 3
306 3
307 2
308 4
309 3
310 3
311 6
312 3
313 1
314 2
315 2
316 2
317 2
318 3
319 3
320 4
321 3
322 2
323 2
324 1
325 4
326 1
327 4
328 4
329 3
330 4
331 5
332 5
333 7
334 5
335 10
336 3
337 5
338 4
339 4
340 4
341 8
342 6
343 6
344 7
345 9
346 5
347 6
348 3
349 8
350 3
351 2
352 6
353 5
354 2
355 4
356 3
357 3
358 5
359 4
360 6
361 4
362 3
363 4
364 3
365 5
366 2
367 5
368 1
369 3
370 3
371 3
372 6
373 5
374 4
375 5
376 6
377 3
378 5
379 3
380 5
381 3
382 4
383 1
384 2
385 4
386 3
387 6
388 2
389 5
390 5
391 3
392 3
393 5
394 1
395 1
396 5
397 4
398 6
399 4
400 3
401 5
402 3
403 4
404 4
405 5
406 6
407 2
408 5
409 5
410 6
411 3
412 3
413 5
414 3
415 5
416 5
417 4
418 4
419 3
420 5
421 4
422 2
423 6
424 5
425 5
426 6
427 5
428 6
429 2
430 3
431 7
432 2
433 3
434 3
435 8
436 7
437 2
438 5
439 3
440 8
441 6
442 3
443 2
444 5
445 5
446 6
447 5
448 2
449 3
450 5
451 1
452 5
453 5
454 5
455 4
456 5
457 4
458 5
459 3
460 1
461 2
462 1
463 3
464 4
465 5
466 2
467 3
468 1
469 5
470 3
471 3
472 2
473 3
474 7
475 4
476 3
477 3
478 6
479 5
480 4
481 4
482 2
483 5
484 3
485 4
486 6
487 3
488 3
489 3
490 3
491 1
492 5
493 2
494 3
495 3
496 5
497 3
498 6
499 4
500 5
501 1
502 5
503 3
504 2
505 7
506 6
507 3
508 1
509 3
510 3
511 5
512 5
513 3
514 2
515 4
516 3
517 1
518 3
519 4
520 4
521 2
522 3
523 1
524 5
525 5
526 5
527 5
528 9
529 3
530 4
531 7
532 5
533 6
534 2
535 4
536 5
537 3
538 3
539 2
540 3
541 5
542 4
543 4
544 3
545 3
546 1
547 4
548 7
549 5
550 5
551 2
552 3
553 1
554 2
555 4
556 5
557 2
558 4
559 4
560 2
561 2
562 2
563 2
564 4
565 4
566 3
567 3
568 2
569 4
570 2
571 1
572 4
573 3
574 4
575 6
576 3
577 1
578 4
579 2
580 2
581 3
582 2
583 3
584 3
585 4
586 3
587 2
588 5
589 6
590 3
591 1
592 5
593 3
594 4
595 3
596 2
597 3
598 2
599 3
600 2
601 1
602 2
603 2
604 4
605 1
606 4
607 3
608 5
609 1
610 2
611 5
612 2
613 7
614 7
615 4
616 7
617 4
618 5
619 8
620 6
621 5
622 6
623 5
624 6
625 1
626 3
627 0
628 1
629 5
630 6
631 4
632 2
633 5
634 4
635 7
636 3
637 4
638 2
639 5
640 4
641 2
642 1
643 5
644 4
645 5
646 3
647 6
648 3
649 2
650 8
651 6
652 6
653 5
654 5
655 2
656 4
657 3
658 1
659 1
660 5
661 5
662 2
663 3
664 4
665 7
666 4
667 5
668 5
669 2
670 2
671 5
672 5
673 3
674 4
675 2
676 6
677 5
678 7
679 2
680 3
681 5
682 6
683 3
684 3
685 6
686 6
687 5
688 5
689 4
690 3
691 5
692 6
693 4
694 5
695 4
696 5
697 7
698 4
699 7
700 5
701 6
702 6
703 4
704 5
705 3
706 4
707 4
708 4
709 7
710 4
711 5
712 2
713 4
714 5
715 3
716 5
717 5
718 4
719 5
720 3
721 4
722 7
723 2
724 3
725 3
726 4
727 1
728 2
729 2
730 3
731 3
732 2
733 5
734 1
735 4
736 4
737 4
738 5
739 2
740 1
741 4
742 4
743 5
744 5
745 1
746 5
747 2
748 5
749 3
750 3
751 2
752 4
753 5
754 3
755 4
756 4
757 2
758 2
759 1
760 1
761 4
762 1
763 3
764 3
765 2
766 6
767 0
768 3
769 5
770 3
771 0
772 3
773 3
774 5
775 4
776 3
777 4
778 5
779 4
780 4
781 6
782 3
783 1
784 5
785 3
786 4
787 3
788 2
789 3
790 3
791 3
792 4
793 2
794 4
795 1
796 3
797 7
798 4
799 4
800 4
801 2
802 3
803 2
804 4
805 4
806 4
807 4
808 1
809 2
810 3
811 4
812 3
813 3
814 3
815 1
816 3
817 7
818 2
819 1
820 6
821 3
822 4
823 3
824 2
825 3
826 5
827 6
828 5
829 5
830 3
831 4
832 4
833 4
834 1
835 1
836 2
837 3
838 4
839 0
840 2
841 3
842 2
843 7
844 4
845 1
846 6
847 4
848 5
849 2
850 4
851 2
852 6
853 3
854 2
855 2
856 3
857 3
858 1
859 3
860 6
861 4
862 2
863 1
864 4
865 2
866 3
867 4
868 1
869 5
870 3
871 2
872 5
873 2
874 5
875 4
876 4
877 5
878 5
879 5
880 3
881 4
882 3
883 2
884 4
885 3
886 2
887 2
888 5
889 6
890 4
891 4
892 3
893 4
894 6
895 5
896 4
897 2
898 2
899 4
900 3
901 2
902 3
903 5
904 4
905 5
906 5
907 4
908 1
909 3
910 5
911 5
912 3
913 4
914 3
915 4
916 4
917 4
918 2
919 5
920 4
921 4
922 7
923 3
924 4
925 3
926 4
927 6
928 3
929 2
930 6
931 3
932 3
933 3
934 3
935 5
936 5
937 6
938 2
939 3
940 3
941 4
942 3
943 6
944 4
945 3
946 4
947 2
948 6
949 5
950 2
951 4
952 5
953 2
954 4
955 3
956 3
957 3
958 6
959 4
960 6
961 2
962 2
963 2
964 6
965 4
966 2
967 7
968 7
969 3
970 3
971 3
972 4
973 4
974 5
975 2
976 3
977 1
978 6
979 3
980 2
981 4
982 1
983 3
984 3
985 4
986 4
987 3
988 5
989 4
990 4
991 4
992 3
993 4
994 3
995 2
996 2
997 5
998 5
999 4
1000 3
1001 3
1002 4
1003 4
1004 5
1005 4
1006 3
1007 4
1008 1
1009 3
1010 4
1011 4
1012 2
1013 1
1014 4
1015 2
1016 6
1017 6
1018 5
1019 3
1020 2
1021 2
1022 2
1023 1
1024 5
1025 4
1026 3
1027 5
1028 2
1029 5
1030 6
1031 4
1032 0
1033 4
1034 0
1035 3
1036 2
1037 2
1038 2
1039 4
1040 4
1041 7
1042 3
1043 4
1044 4
1045 3
1046 5
1047 5
1048 5
1049 4
1050 5
1051 2
1052 3
1053 4
1054 4
1055 6
1056 5
1057 4
1058 2
1059 4
1060 3
1061 7
1062 3
1063 5
1064 3
1065 3
1066 3
1067 2
1068 5
1069 6
1070 4
1071 4
1072 4
1073 4
1074 7
1075 1
1076 1
1077 5
1078 3
1079 4
1080 0
1081 4
1082 2
1083 4
1084 5
1085 4
1086 7
1087 6
1088 5
1089 4
1090 5
1091 3
1092 5
1093 3
1094 4
1095 4
1096 5
1097 6
1098 4
1099 5
1100 8
1101 4
1102 4
1103 4
1104 5
1105 3
1106 4
1107 5
1108 6
1109 5
1110 6
1111 3
1112 3
1113 3
1114 5
1115 4
1116 2
1117 2
1118 2
1119 4
1120 1
1121 2
1122 2
1123 3
1124 1
1125 3
1126 5
1127 2
1128 4
1129 5
1130 4
1131 4
1132 4
1133 5
1134 4
1135 3
1136 3
1137 4
1138 4
1139 1
1140 3
1141 5
1142 3
1143 4
1144 2
1145 5
1146 2
1147 5
1148 5
1149 4
1150 4
1151 2
1152 3
1153 3
1154 2
1155 2
1156 3
1157 4
1158 4
1159 0
1160 5
1161 3
1162 3
1163 7
1164 8
1165 7
1166 1
1167 8
1168 5
1169 4
1170 9
1171 7
1172 2
1173 6
1174 5
1175 4
1176 5
1177 4
1178 4
1179 5
1180 3
1181 4
1182 3
1183 4
1184 5
1185 5
1186 8
1187 3
1188 4
1189 3
1190 6
1191 3
1192 5
1193 3
1194 6
1195 6
1196 4
1197 6
1198 10
1199 6
1200 5
1201 7
1202 6
1203 5
1204 5
1205 2
1206 8
1207 5
1208 6
1209 6
1210 4
1211 5
1212 4
1213 5
1214 4
1215 3
1216 7
1217 2
1218 2
1219 8
1220 6
1221 4
1222 3
1223 4
1224 2
1225 5
1226 7
1227 5
1228 7
1229 5
1230 7
1231 8
1232 3
1233 4
1234 4
1235 3
1236 5
1237 6
1238 2
1239 3
1240 6
1241 7
1242 4
1243 2
1244 2
1245 4
1246 1
1247 4
1248 7
1249 6
1250 6
1251 4
1252 5
1253 3
1254 4
1255 9
1256 1
1257 4
1258 3
1259 3
1260 4
1261 7
1262 4
1263 7
1264 2
1265 4
1266 5
1267 6
1268 6
1269 5
1270 5
1271 3
1272 5
1273 5
1274 5
1275 3
1276 2
1277 4
1278 5
1279 4
1280 5
1281 6
1282 5
1283 6
1284 7
1285 5
1286 6
1287 1
1288 6
1289 5
1290 5
1291 6
1292 6
1293 4
1294 8
1295 5
1296 3
1297 7
1298 5
1299 10
1300 3
1301 5
1302 6
1303 6
1304 5
1305 5
1306 4
1307 4
1308 3
1309 6
1310 2
1311 3
1312 3
1313 3
1314 5
1315 2
1316 3
1317 4
1318 4
1319 5
1320 6
1321 6
1322 2
1323 6
1324 4
1325 5
1326 2
1327 4
1328 6
1329 7
1330 4
1331 4
1332 3
1333 8
1334 7
1335 5
1336 5
1337 4
1338 6
1339 3
1340 3
1341 4
1342 2
1343 4
1344 4
1345 5
1346 4
1347 8
1348 3
1349 3
1350 3
1351 3
1352 4
1353 4
1354 6
1355 6
1356 3
1357 3
1358 4
1359 3
1360 6
1361 6
1362 3
1363 5
1364 0
1365 6
1366 6
1367 3
1368 4
1369 6
1370 5
1371 4
1372 4
1373 6
1374 3
1375 3
1376 4
1377 2
1378 5
1379 4
1380 3
1381 5
1382 6
1383 4
1384 4
1385 5
1386 4
1387 5
1388 4
1389 1
1390 3
1391 6
1392 3
1393 5
1394 4
1395 5
1396 2
1397 5
1398 4
1399 1
1400 5
1401 5
1402 5
1403 5
1404 7
1405 9
1406 5
1407 5
1408 7
1409 5
1410 7
1411 5
1412 4
1413 8
1414 4
1415 5
1416 6
1417 3
1418 4
1419 3
1420 2
1421 4
1422 5
1423 5
1424 3
1425 2
1426 6
1427 5
1428 6
1429 3
1430 5
1431 3
1432 5
1433 6
1434 4
1435 6
1436 4
1437 3
1438 6
1439 6
1440 3
1441 5
1442 2
1443 5
1444 4
1445 4
1446 6
1447 3
1448 3
1449 6
1450 3
1451 3
1452 2
1453 6
1454 3
1455 9
1456 5
1457 4
1458 4
1459 4
1460 3
1461 3
1462 3
1463 6
1464 4
1465 4
1466 4
1467 3
1468 4
1469 3
1470 4
1471 4
1472 2
1473 3
1474 5
1475 2
1476 4
1477 2
1478 3
1479 1
1480 6
1481 4
1482 3
1483 3
1484 0
1485 2
1486 4
1487 2
1488 4
1489 6
1490 5
1491 7
1492 5
1493 4
1494 4
1495 4
1496 3
1497 3
1498 1
1499 5
1500 3
1501 3
1502 5
1503 2
1504 5
1505 7
1506 2
1507 6
1508 4
1509 5
1510 4
1511 5
1512 3
1513 5
1514 4
1515 4
1516 5
1517 4
1518 1
1519 2
1520 3
1521 2
1522 1
1523 4
1524 3
1525 2
1526 6
1527 3
1528 2
1529 4
1530 4
1531 0
1532 2
1533 3
1534 1
1535 3
1536 3
1537 2
1538 4
1539 3
1540 5
1541 1
1542 3
1543 1
1544 5
1545 2
1546 4
1547 4
1548 1
1549 4
1550 5
1551 2
1552 3
1553 2
1554 3
1555 4
1556 6
1557 4
1558 3
1559 2
1560 4
1561 4
1562 3
1563 2
1564 6
1565 8
1566 5
1567 4
1568 5
1569 3
1570 4
1571 3
1572 2
1573 2
1574 1
1575 5
1576 4
1577 2
1578 3
1579 4
1580 2
1581 2
1582 4
1583 4
1584 3
1585 2
1586 3
1587 4
1588 6
1589 5
1590 6
1591 6
1592 3
1593 4
1594 4
1595 5
1596 3
1597 4
1598 3
1599 3
1600 7
1601 3
1602 2
1603 3
1604 2
1605 0
1606 2
1607 5
1608 1
1609 3
1610 4
1611 3
1612 2
1613 4
1614 4
1615 5
1616 4
1617 3
1618 5
1619 6
1620 8
1621 3
1622 5
1623 6
1624 5
1625 3
1626 1
1627 9
1628 4
1629 4
1630 3
1631 3
1632 3
1633 5
1634 5
1635 2
1636 5
1637 4
1638 2
1639 6
1640 4
1641 3
1642 5
1643 8
1644 6
1645 4
1646 2
1647 5
1648 3
1649 6
1650 6
1651 3
1652 9
1653 4
1654 6
1655 5
1656 4
1657 9
1658 6
1659 6
1660 4
1661 10
1662 3
1663 8
1664 3
1665 3
1666 3
1667 6
1668 6
1669 5
1670 4
1671 5
1672 6
1673 5
1674 1
1675 3
1676 9
1677 6
1678 6
1679 7
1680 5
1681 5
1682 5
1683 6
1684 6
1685 8
1686 5
1687 4
1688 4
1689 5
1690 8
1691 7
1692 5
1693 5
1694 8
1695 7
1696 6
1697 7
1698 2
1699 3
1700 2
1701 5
1702 2
1703 7
1704 4
1705 6
1706 5
1707 4
1708 6
1709 6
1710 2
1711 4
1712 5
1713 1
1714 5
1715 5
1716 3
1717 6
1718 3
1719 5
1720 4
1721 4
1722 0
1723 3
1724 3
1725 5
1726 3
1727 3
1728 3
1729 4
1730 4
1731 3
1732 4
1733 1
1734 2
1735 4
1736 4
1737 2
1738 5
1739 5
1740 2
1741 5
1742 6
1743 7
1744 1
1745 5
1746 2
1747 2
1748 3
1749 6
1750 4
1751 3
1752 5
1753 4
1754 3
1755 4
1756 6
1757 5
1758 1
1759 1
1760 2
1761 4
1762 4
1763 3
1764 3
1765 5
1766 3
1767 4
1768 5
1769 4
1770 5
1771 6
1772 7
1773 3
1774 4
1775 4
1776 4
1777 6
1778 5
1779 4
1780 4
1781 5
1782 6
1783 5
1784 4
1785 6
1786 4
1787 4
1788 3
1789 4
1790 3
1791 5
1792 6
1793 5
1794 1
1795 3
1796 6
1797 1
1798 4
1799 5
1800 4
1801 5
1802 3
1803 2
1804 4
1805 2
1806 4
1807 6
1808 4
1809 7
1810 6
1811 3
1812 4
1813 3
1814 3
1815 4
1816 3
1817 2
1818 2
1819 1
1820 2
1821 2
1822 5
1823 1
1824 3
1825 4
1826 9
1827 6
1828 2
1829 4
1830 4
1831 5
1832 5
1833 3
1834 2
1835 6
1836 2
1837 2
1838 4
1839 5
1840 7
1841 2
1842 6
1843 2
1844 4
1845 2
1846 3
1847 4
1848 2
1849 4
1850 6
1851 4
1852 5
1853 2
1854 2
1855 5
1856 5
1857 4
1858 4
1859 5
1860 4
1861 4
1862 4
1863 4
1864 2
1865 1
1866 4
1867 1
1868 5
1869 7
1870 5
1871 4
1872 5
1873 2
1874 4
1875 3
1876 5
1877 3
1878 5
1879 7
1880 4
1881 5
1882 3
1883 5
1884 4
1885 5
1886 5
1887 3
1888 6
1889 7
1890 4
1891 5
1892 4
1893 3
1894 3
1895 4
1896 1
1897 5
1898 7
1899 4
1900 3
1901 2
1902 5
1903 3
1904 4
1905 2
1906 4
1907 6
1908 5
1909 2
1910 5
1911 4
1912 3
1913 4
1914 6
1915 5
1916 5
1917 5
1918 3
1919 3
1920 4
1921 1
1922 2
1923 1
1924 6
1925 3
1926 4
1927 1
1928 4
1929 6
1930 2
1931 3
1932 4
1933 3
1934 6
1935 5
1936 4
1937 1
1938 3
1939 8
1940 6
1941 6
1942 4
1943 2
1944 3
1945 4
1946 4
1947 4
1948 3
1949 5
1950 2
1951 7
1952 3
1953 2
1954 3
1955 2
1956 2
1957 6
1958 3
1959 6
1960 5
1961 5
1962 4
1963 7
1964 4
1965 2
1966 5
1967 1
1968 3
1969 3
1970 4
1971 4
1972 3
1973 5
1974 5
1975 4
1976 3
1977 2
1978 1
1979 2
1980 4
1981 5
1982 4
1983 4
1984 3
1985 3
1986 4
1987 4
1988 4
1989 5
1990 7
1991 4
1992 6
1993 5
1994 9
1995 8
1996 5
1997 5
1998 8
1999 2
2000 4
2001 6
2002 8
2003 7
2004 4
2005 3
2006 4
2007 5
2008 1
2009 3
2010 6
2011 8
2012 4
2013 4
2014 3
2015 6
2016 6
2017 6
2018 3
2019 4
2020 4
2021 4
2022 4
2023 6
2024 5
2025 5
2026 7
2027 4
2028 4
2029 3
2030 4
2031 4
2032 7
2033 4
2034 7
2035 6
2036 5
2037 5
2038 5
2039 9
2040 7
2041 5
2042 3
2043 6
2044 5
2045 3
2046 5
2047 4
2048 5
2049 0
2050 3
2051 4
2052 6
2053 3
2054 2
2055 2
2056 5
2057 3
2058 4
2059 4
2060 7
2061 4
2062 7
2063 5
2064 4
2065 4
2066 5
2067 5
2068 2
2069 6
2070 3
2071 3
2072 3
2073 4
2074 0
2075 3
2076 3
2077 4
2078 2
2079 4
2080 6
2081 1
2082 4
2083 3
2084 1
2085 4
2086 3
2087 4
2088 2
2089 3
2090 5
2091 3
2092 4
2093 1
2094 4
2095 3
2096 3
2097 2
2098 5
2099 3
2100 5
2101 5
2102 2
2103 4
2104 3
2105 3
2106 6
2107 2
2108 4
2109 4
2110 6
2111 3
2112 2
2113 5
2114 6
2115 3
2116 4
2117 5
2118 4
2119 5
2120 5
2121 5
2122 4
2123 6
2124 6
2125 2
2126 2
2127 3
2128 3
2129 4
2130 3
2131 4
2132 2
2133 5
2134 5
2135 4
2136 5
2137 7
2138 3
2139 4
2140 3
2141 4
2142 3
2143 3
2144 1
2145 4
2146 6
2147 3
2148 6
2149 4
2150 5
2151 3
2152 9
2153 4
2154 5
2155 5
2156 2
2157 2
2158 4
2159 5
2160 9
2161 4
2162 2
2163 3
2164 4
2165 3
2166 0
2167 3
2168 3
2169 6
2170 1
2171 5
2172 3
2173 3
2174 2
2175 3
2176 2
2177 4
2178 6
2179 1
2180 3
2181 2
2182 3
2183 5
2184 6
2185 3
2186 3
2187 4
2188 5
2189 4
2190 3
2191 3
2192 6
2193 5
2194 3
2195 4
2196 6
2197 1
2198 5
2199 6
2200 6
2201 2
2202 2
2203 3
2204 5
2205 4
2206 5
2207 4
2208 3
2209 4
2210 5
2211 3
2212 3
2213 3
2214 2
2215 5
2216 3
2217 1
2218 4
2219 2
2220 3
2221 4
2222 3
2223 2
2224 0
2225 5
2226 6
2227 3
2228 9
2229 3
2230 5
2231 3
2232 4
2233 2
2234 4
2235 7
2236 3
2237 6
2238 6
2239 5
2240 5
2241 5
2242 0
2243 7
2244 5
2245 2
2246 5
2247 2
2248 3
2249 3
2250 4
