Average RMSF of side chains and bases atoms of nucleosome
Generated by VMD rmsf
Residue ID
RMSF, A
Resid	H1
1	7.30235481262207
2	0
3	5.07460339864095
4	3.6128316720326743
5	3.036508321762085
6	3.0927549600601196
7	3.7738245010375975
8	3.173387885093689
9	2.480054020881653
10	2.906583786010742
11	3.5866591930389404
12	2.540356159210205
13	2.446436643600464
14	2.9672136306762695
15	3.081719160079956
16	3.055960536003113
17	4.586735773086548
18	3.5088336944580076
19	4.287996292114258
20	2.4714877605438232
21	0
22	2.189055244127909
23	1.544599175453186
24	1.8884436786174774
25	1.644960880279541
26	1.7632931470870972
27	2.2992170453071594
28	2.3103010177612306
29	2.5169859886169434
30	2.2706263065338135
31	2.5276623368263245
32	2.6264119148254395
33	2.786789894104004
34	2.988206624984741
35	0
36	3.077824890613556
37	3.527122735977173
38	2.700904607772827
39	3.5002620697021483
40	3.509622871875763
41	3.00767183303833
42	2.760538876056671
43	3.008121967315674
44	3.899467332022531
45	2.4175766110420227
46	2.3018097400665285
47	3.246712028980255
48	0
49	2.299414336681366
50	3.050571918487549
51	3.0765581130981445
52	2.7046645283699036
53	2.607247749964396
54	3.2488796710968018
55	3.7015000343322755
56	0
57	3.0278154214223227
58	2.5517057180404663
59	2.7793561617533364
60	2.0771775007247926
61	2.200039347012838
62	2.29008526802063
63	0
64	2.102606217066447
65	0
66	1.6210050582885742
67	1.5306589603424072
68	0
69	1.7844765186309814
70	1.90658700466156
71	2.7097066402435304
72	3.0063299536705017
73	3.197799503803253
74	5.757362747192383
75	7.04871768951416
