RMSF of CA or P atoms of nucleosome
Generated by VMD rmsf
Residue ID
RMSF, A
Resid	H1
1	5.855170249938965
2	4.897392272949219
3	3.872049570083618
4	2.995389938354492
5	2.682957410812378
6	2.64333176612854
7	2.787402391433716
8	2.6491403579711914
9	2.395556926727295
10	2.543396472930908
11	2.6460535526275635
12	2.4124066829681396
13	2.3167884349823
14	2.6375975608825684
15	2.7058205604553223
16	2.631070137023926
17	2.885586738586426
18	2.53847599029541
19	2.6509463787078857
20	2.222980260848999
21	2.032468318939209
22	1.8678958415985107
23	1.682181477546692
24	1.7258814573287964
25	1.701184868812561
26	1.8098945617675781
27	1.9268089532852173
28	1.9770702123641968
29	2.0820157527923584
30	2.2583985328674316
31	2.375095844268799
32	2.492893934249878
33	2.7086026668548584
34	2.87174654006958
35	2.9811582565307617
36	2.785555839538574
37	2.7920103073120117
38	2.476440906524658
39	2.6632142066955566
40	2.8137452602386475
41	2.599968910217285
42	2.415968894958496
43	2.455383539199829
44	2.5111420154571533
45	2.3270487785339355
46	2.2319672107696533
47	2.4553580284118652
48	2.482389211654663
49	2.271327495574951
50	2.379976987838745
51	2.611210346221924
52	2.526393413543701
53	2.4473254680633545
54	2.7412924766540527
55	2.898980140686035
56	2.790809154510498
57	2.6794934272766113
58	2.3827247619628906
59	2.2752482891082764
60	2.020784378051758
61	2.02260160446167
62	1.87785005569458
63	1.8038376569747925
64	1.9190444946289063
65	2.0436415672302246
66	1.845862627029419
67	1.7207764387130737
68	1.6092389822006226
69	1.7336599826812744
70	1.9430601596832275
71	2.1724815368652344
72	2.4344961643218994
73	2.6684396266937256
74	3.2759923934936523
75	4.665462493896484
