Average RMSF of side chains and bases atoms of nucleosome
Generated by VMD rmsf
Residue ID
RMSF, A
Resid	H1
1	8.709458351135254
2	0
3	5.657575607299805
4	4.558235804239909
5	3.747515598932902
6	3.6580162048339844
7	4.338440799713135
8	3.9404598474502563
9	3.0692467093467712
10	3.4996042251586914
11	4.398045587539673
12	3.2861781120300293
13	3.0076847076416016
14	3.6920666694641113
15	3.7201855182647705
16	3.2990095615386963
17	5.187007999420166
18	4.092883014678955
19	3.9367519446781705
20	3.344178080558777
21	0
22	3.019599119822184
23	2.3082553148269653
24	2.526037573814392
25	2.3944287300109863
26	2.680382013320923
27	3.0191200971603394
28	2.9415594577789306
29	3.2692589282989504
30	3.335343360900879
31	3.381881058216095
32	3.6031010150909424
33	3.9538087844848633
34	4.1158928871154785
35	0
36	3.7514293491840363
37	4.446686267852783
38	3.510517120361328
39	4.18782320022583
40	4.320653676986694
41	3.73704993724823
42	3.141649842262268
43	3.3588050603866577
44	3.891813244138445
45	3.0518460869789124
46	2.628130340576172
47	3.182302176952362
48	0
49	2.879582107067108
50	3.2375681400299072
51	3.248378038406372
52	3.1024928092956543
53	2.8549695014953613
54	3.291798710823059
55	3.778014039993286
56	0
57	3.38401993115743
58	3.003776252269745
59	3.0899008909861245
60	2.506953716278076
61	2.733774026234945
62	2.4644603967666625
63	0
64	2.5783916314442954
65	0
66	2.119412899017334
67	1.809280276298523
68	0
69	2.2485052347183228
70	2.6296747071402415
71	3.2396414279937744
72	3.5907322764396667
73	3.403532385826111
74	5.824439525604248
75	7.054568862915039
