Average RMSF of side chains and bases atoms of nucleosome
Generated by VMD rmsf
Residue ID
RMSF, A
Resid	H1
1	6.3353612422943115
2	0
3	4.215887864430745
4	3.2631820837656655
5	2.7595028082529702
6	2.8856884241104126
7	3.2845386981964113
8	2.8955891728401184
9	2.3551034331321716
10	2.687802712122599
11	3.325366735458374
12	2.3767590522766113
13	2.3131415843963623
14	2.741739511489868
15	2.7571825981140137
16	2.806053400039673
17	4.015724229812622
18	2.8987659931182863
19	3.8006430012839183
20	2.390656590461731
21	0
22	2.2430094480514526
23	1.6550793051719666
24	1.8349970877170563
25	1.6926789283752441
26	1.8248467445373535
27	2.2496101558208466
28	2.1636809587478636
29	2.428392505645752
30	2.2346346378326416
31	2.3866246342658997
32	2.4307944774627686
33	2.675041437149048
34	2.8347554206848145
35	0
36	2.737735003232956
37	3.4462496638298035
38	2.592559576034546
39	3.6303735256195067
40	3.3957560658454895
41	2.7738435864448547
42	2.715624213218689
43	2.7124874591827393
44	3.1374466759817943
45	2.3497509360313416
46	2.0491005182266235
47	3.00370717048645
48	0
49	2.2358798384666443
50	2.869625186920166
51	2.8148813247680664
52	2.5537243485450745
53	2.4020039240519204
54	2.9156874418258667
55	3.3503536701202394
56	0
57	2.8384236494700112
58	2.41724556684494
59	2.5937615235646567
60	1.9895774602890015
61	2.098352034886678
62	2.615046739578247
63	0
64	2.3178568681081138
65	0
66	1.8469499349594116
67	1.774854838848114
68	0
69	1.7170603275299072
70	1.9340749638421195
71	2.642374277114868
72	2.8036137223243713
73	2.8943284153938293
74	5.173844623565674
75	6.619980716705323
