RMSF of CA or P atoms of nucleosome
Generated by VMD rmsf
Residue ID
RMSF, A
Resid	H1
1	6.868143081665039
2	5.949651718139648
3	4.5421905517578125
4	3.3074796199798584
5	2.916609287261963
6	2.8505401611328125
7	3.0492732524871826
8	2.892075300216675
9	2.539482355117798
10	2.727795362472534
11	2.900418281555176
12	2.5962460041046143
13	2.444326400756836
14	2.8390021324157715
15	3.004891872406006
16	2.9665277004241943
17	3.337907552719116
18	3.0911331176757813
19	3.019923210144043
20	2.2855167388916016
21	2.094205379486084
22	1.8083922863006592
23	1.5893193483352661
24	1.7068206071853638
25	1.6718865633010864
26	1.7712684869766235
27	1.9250768423080444
28	2.0520620346069336
29	2.180157423019409
30	2.3207590579986572
31	2.5018599033355713
32	2.6804897785186768
33	2.86098051071167
34	3.050401449203491
35	3.2654998302459717
36	3.028092384338379
37	3.041029453277588
38	2.6549932956695557
39	2.8146636486053467
40	3.029036521911621
41	2.8004677295684814
42	2.554619550704956
43	2.655724287033081
44	2.7657947540283203
45	2.4379963874816895
46	2.346731185913086
47	2.6595163345336914
48	2.6644785404205322
49	2.3587546348571777
50	2.5866708755493164
51	2.8667333126068115
52	2.708261489868164
53	2.63289737701416
54	3.037233591079712
55	3.1856682300567627
56	3.040217638015747
57	2.8847975730895996
58	2.525056838989258
59	2.4099812507629395
60	2.003993272781372
61	1.9535706043243408
62	1.7462952136993408
63	1.671700119972229
64	1.709451675415039
65	1.713293194770813
66	1.580923318862915
67	1.3741381168365479
68	1.44887375831604
69	1.6167372465133667
70	1.932035207748413
71	2.2236263751983643
72	2.5885884761810303
73	2.8971176147460938
74	3.7339255809783936
75	5.2342915534973145
