RMSF of CA or P atoms of nucleosome
Generated by VMD rmsf
Residue ID
RMSF, A
Resid	H1
1	8.285667419433594
2	6.518594264984131
3	5.393013000488281
4	4.21595573425293
5	3.654648780822754
6	3.456686019897461
7	3.7535810470581055
8	3.6431918144226074
9	3.203918695449829
10	3.36735200881958
11	3.6574559211730957
12	3.350696563720703
13	3.119936466217041
14	3.551058292388916
15	3.662684440612793
16	3.3533663749694824
17	3.7993409633636475
18	3.3210346698760986
19	3.2822186946868896
20	3.137918472290039
21	2.847933053970337
22	2.7332005500793457
23	2.379094123840332
24	2.4321157932281494
25	2.454606294631958
26	2.685408592224121
27	2.8286218643188477
28	2.932844877243042
29	3.1478664875030518
30	3.3881888389587402
31	3.491755723953247
32	3.692328453063965
33	4.004786014556885
34	4.2074456214904785
35	4.356347560882568
36	4.00001859664917
37	3.9313552379608154
38	3.4412503242492676
39	3.528005361557007
40	3.7132411003112793
41	3.423732042312622
42	3.0090794563293457
43	2.991389513015747
44	3.1609466075897217
45	2.953049898147583
46	2.7037830352783203
47	2.8844332695007324
48	2.980022430419922
49	2.7330880165100098
50	2.7995355129241943
51	3.0444064140319824
52	3.0076684951782227
53	2.878129005432129
54	3.1304643154144287
55	3.34344482421875
56	3.2641754150390625
57	3.224294424057007
58	2.9284911155700684
59	2.797947645187378
60	2.473172187805176
61	2.5331954956054688
62	1.9201133251190186
63	2.2327229976654053
64	2.2162282466888428
65	2.238051652908325
66	2.0891895294189453
67	1.8248424530029297
68	1.9753541946411133
69	2.3878729343414307
70	2.6372148990631104
71	2.8228094577789307
72	3.1204497814178467
73	3.290095806121826
74	4.129000663757324
75	5.1478657722473145
