Average RMSF of side chains and bases atoms of nucleosome
Generated by VMD rmsf
Residue ID
RMSF, A
Resid	H1
1	7.515496253967285
2	0
3	5.561005433400472
4	3.749054749806722
5	2.8485794067382813
6	2.975452423095703
7	3.5986501693725588
8	3.0927101373672485
9	2.3672800064086914
10	2.713117837905884
11	3.4954456329345702
12	2.4154138565063477
13	2.3032771746317544
14	2.7764556407928467
15	2.8005306720733643
16	2.6430715322494507
17	4.35161452293396
18	2.9860528469085694
19	3.2976468290601457
20	2.30523419380188
21	0
22	2.1724557479222617
23	1.5448411107063293
24	1.8490386605262756
25	1.660811424255371
26	1.807190179824829
27	2.289112627506256
28	2.331758213043213
29	2.534623908996582
30	2.353410005569458
31	2.5704663395881653
32	2.712329149246216
33	2.912248373031616
34	3.069365978240967
35	0
36	2.945226401090622
37	3.7151414155960083
38	2.7802086671193442
39	3.74899001121521
40	4.044780445098877
41	3.04164981842041
42	2.88196861743927
43	2.940812587738037
44	2.985578417778015
45	2.5432400703430176
46	2.303838920593262
47	3.111813724040985
48	0
49	2.254039168357849
50	3.1201016902923584
51	2.9179450273513794
52	2.556330621242523
53	2.431445042292277
54	3.019193172454834
55	3.3907890796661375
56	0
57	2.8689936796824136
58	2.386790931224823
59	2.5827154318491616
60	2.6063632011413573
61	2.447760740915934
62	2.4379807472229005
63	0
64	2.114565134048462
65	0
66	1.7108454704284668
67	1.6202579140663147
68	0
69	1.605595588684082
70	1.991784725870405
71	2.440446949005127
72	2.843379259109497
73	2.9792964458465576
74	5.229175186157226
75	6.896810245513916
