Average RMSF of side chains and bases atoms of nucleosome
Generated by VMD rmsf
Residue ID
RMSF, A
Resid	H1
1	4.463524341583252
2	0
3	3.9388837814331055
4	3.0520943800608316
5	2.144418954849243
6	2.441282868385315
7	3.1056150913238527
8	2.5152411460876465
9	1.9200361967086792
10	2.280377149581909
11	2.936055135726929
12	1.9892005920410156
13	1.9935667514801025
14	2.3068649768829346
15	2.411503553390503
16	2.379502534866333
17	4.097089433670044
18	3.236901330947876
19	3.9676056929997037
20	2.41325843334198
21	0
22	1.9385684728622437
23	1.4294796586036682
24	1.531233012676239
25	1.4622589349746704
26	1.6266683340072632
27	2.0040621161460876
28	1.7491132497787476
29	2.3195723056793214
30	1.9870291948318481
31	2.0668947100639343
32	2.150632381439209
33	2.4049692153930664
34	2.491276264190674
35	0
36	2.223295748233795
37	2.778667688369751
38	2.1950315634409585
39	3.052006387710571
40	3.0034339427948
41	2.1742125153541565
42	1.9766948819160461
43	1.9946249127388
44	2.1677417357762656
45	1.8339148163795471
46	1.7858336210250854
47	2.2390590012073517
48	0
49	1.8611426651477814
50	2.412941575050354
51	2.313836932182312
52	2.12127149105072
53	1.9527047872543335
54	2.4253127574920654
55	2.9433822631835938
56	0
57	2.4301650524139404
58	2.0686516165733337
59	2.307105302810669
60	1.643317174911499
61	2.0630917151769004
62	2.2765392541885374
63	0
64	1.866888125737508
65	0
66	1.4403868913650513
67	1.4562755823135376
68	0
69	1.5514290928840637
70	1.5870522090366908
71	2.540959692001343
72	2.4562207460403442
73	2.629669725894928
74	4.56711745262146
75	6.013611888885498
