RMSF of CA or P atoms of nucleosome
Generated by VMD rmsf
Residue ID
RMSF, A
Resid	H1
1	4.282846450805664
2	4.027678489685059
3	3.4975576400756836
4	2.628345489501953
5	2.2128782272338867
6	2.2133800983428955
7	2.340569257736206
8	2.1938111782073975
9	1.9572737216949463
10	2.103024959564209
11	2.202641010284424
12	2.0135462284088135
13	1.9188027381896973
14	2.1958940029144287
15	2.3207507133483887
16	2.2403147220611572
17	2.7322967052459717
18	2.539909839630127
19	2.559711456298828
20	2.187798261642456
21	1.7380419969558716
22	1.607198715209961
23	1.4091497659683228
24	1.4009336233139038
25	1.4414560794830322
26	1.601616382598877
27	1.6586763858795166
28	1.6807047128677368
29	1.8595995903015137
30	2.0049026012420654
31	2.062213659286499
32	2.192817449569702
33	2.421908378601074
34	2.5366368293762207
35	2.62766432762146
36	2.363328456878662
37	2.3093044757843018
38	2.0016562938690186
39	2.0784084796905518
40	2.1316611766815186
41	1.962592363357544
42	1.748619556427002
43	1.7371348142623901
44	1.8809280395507813
45	1.7926645278930664
46	1.6800373792648315
47	1.8380635976791382
48	1.9214909076690674
49	1.7817360162734985
50	1.857659101486206
51	2.0523552894592285
52	2.0626585483551025
53	2.0080018043518066
54	2.247178316116333
55	2.461371421813965
56	2.418114185333252
57	2.315416097640991
58	2.0121524333953857
59	1.952726125717163
60	1.746692419052124
61	1.8015495538711548
62	1.654829740524292
63	1.4632174968719482
64	1.4699680805206299
65	1.48788583278656
66	1.4071427583694458
67	1.295515775680542
68	1.3605389595031738
69	1.4241809844970703
70	1.586040735244751
71	1.838160753250122
72	2.0931034088134766
73	2.3139936923980713
74	2.9510576725006104
75	4.0132646560668945
