Average RMSF of side chains and bases atoms of nucleosome
Generated by VMD rmsf
Residue ID
RMSF, A
Resid	H1
1	6.596689224243164
2	0
3	5.050820350646973
4	3.5782883167266846
5	2.577906847000122
6	2.821657657623291
7	3.712210702896118
8	3.0420275926589966
9	2.25257408618927
10	2.6999074618021646
11	3.5145535469055176
12	2.3841538429260254
13	2.306101401646932
14	2.7846145629882813
15	2.753645181655884
16	2.452456831932068
17	3.864589786529541
18	3.06440110206604
19	3.250007254736764
20	2.360158085823059
21	0
22	2.1602386633555093
23	1.4775635600090027
24	1.7025481760501862
25	1.5863049030303955
26	1.7419134378433228
27	2.2699680030345917
28	2.146959686279297
29	2.5355151176452635
30	2.2920517921447754
31	2.442985415458679
32	2.6069822311401367
33	2.8375022411346436
34	2.9917173385620117
35	0
36	2.9088580310344696
37	3.5019147992134094
38	2.656503518422445
39	3.5754104614257813
40	3.805772829055786
41	2.8061002492904663
42	2.4991732835769653
43	2.583302140235901
44	2.8653341134389243
45	2.2005186676979065
46	1.9488778352737426
47	2.7345654368400574
48	0
49	2.040606588125229
50	2.6981860637664794
51	2.702385425567627
52	2.4578908681869507
53	2.2150778770446777
54	2.7855026721954346
55	3.3655189037323
56	0
57	2.810232321421305
58	2.320591390132904
59	2.522749423980713
60	1.7280497312545777
61	2.154435952504476
62	2.461848425865173
63	0
64	2.1933377981185913
65	0
66	1.6113827228546143
67	1.4913168549537659
68	0
69	1.5401695370674133
70	1.7374755825315202
71	2.624670934677124
72	2.790342688560486
73	3.24029803276062
74	5.255389308929443
75	7.053011894226074
