RMSF of CA or P atoms of nucleosome
Generated by VMD rmsf
Residue ID
RMSF, A
Resid	H1
1	7.186920642852783
2	6.304595470428467
3	4.872263431549072
4	3.3216254711151123
5	2.778339147567749
6	2.7022438049316406
7	2.903679132461548
8	2.7541327476501465
9	2.4171035289764404
10	2.556823968887329
11	2.723586320877075
12	2.4566164016723633
13	2.3042373657226563
14	2.6524407863616943
15	2.7400999069213867
16	2.53020977973938
17	2.868816614151001
18	2.4151549339294434
19	2.3770933151245117
20	2.1270742416381836
21	1.9976310729980469
22	1.7889796495437622
23	1.5732569694519043
24	1.6791142225265503
25	1.6938656568527222
26	1.8192594051361084
27	1.974178433418274
28	2.1086785793304443
29	2.2539141178131104
30	2.407027244567871
31	2.5729665756225586
32	2.770618200302124
33	2.9752116203308105
34	3.143186569213867
35	3.3484582901000977
36	3.088078498840332
37	3.143059492111206
38	2.7347991466522217
39	2.9395546913146973
40	3.1654932498931885
41	2.85790753364563
42	2.587709426879883
43	2.6520230770111084
44	2.7348501682281494
45	2.435389518737793
46	2.311227321624756
47	2.5781898498535156
48	2.5464015007019043
49	2.28716778755188
50	2.4576971530914307
51	2.689638376235962
52	2.5500295162200928
53	2.492568016052246
54	2.846109390258789
55	2.9732398986816406
56	2.864323854446411
57	2.7054190635681152
58	2.3594913482666016
59	2.2531092166900635
60	2.0583126544952393
61	2.1145834922790527
62	2.0099899768829346
63	2.0646772384643555
64	1.9881912469863892
65	2.068826198577881
66	1.695433497428894
67	1.5497472286224365
68	1.460939884185791
69	1.589044213294983
70	1.8348673582077026
71	2.0885825157165527
72	2.4281651973724365
73	2.6977596282958984
74	3.536684036254883
75	5.0010666847229
