RMSF of CA or P atoms of nucleosome
Generated by VMD rmsf
Residue ID
RMSF, A
Resid	H1
1	6.409136772155762
2	5.587409019470215
3	4.417277812957764
4	3.1643340587615967
5	2.6790268421173096
6	2.6165761947631836
7	2.869215726852417
8	2.704122543334961
9	2.341654062271118
10	2.536768913269043
11	2.720334529876709
12	2.435076951980591
13	2.292295455932617
14	2.653311014175415
15	2.6932194232940674
16	2.4231183528900146
17	2.663228988647461
18	2.3317840099334717
19	2.4230449199676514
20	2.128505229949951
21	1.924319863319397
22	1.7527302503585815
23	1.4921263456344604
24	1.5650643110275269
25	1.6101791858673096
26	1.7526158094406128
27	1.883161187171936
28	1.9901963472366333
29	2.1690664291381836
30	2.3393466472625732
31	2.471332311630249
32	2.6642017364501953
33	2.892063617706299
34	3.065136671066284
35	3.2432572841644287
36	2.962949752807617
37	2.9663467407226563
38	2.5344908237457275
39	2.7040421962738037
40	2.8477749824523926
41	2.572319507598877
42	2.2770156860351563
43	2.2665014266967773
44	2.3864526748657227
45	2.160405397415161
46	1.9757128953933716
47	2.211143732070923
48	2.2875566482543945
49	2.042206048965454
50	2.147110939025879
51	2.4484260082244873
52	2.4096176624298096
53	2.3045895099639893
54	2.6180336475372314
55	2.8602826595306396
56	2.7798995971679688
57	2.675750494003296
58	2.3070712089538574
59	2.203608751296997
60	1.8825933933258057
61	1.9975001811981201
62	1.732935905456543
63	1.6090891361236572
64	1.74628746509552
65	1.7596213817596436
66	1.5588572025299072
67	1.4080455303192139
68	1.4085087776184082
69	1.52263605594635
70	1.7489830255508423
71	2.1168477535247803
72	2.4930810928344727
73	2.8744325637817383
74	3.492197275161743
75	4.8542866706848145
