#Frame         angle2
       1     121.8387
       2     121.1897
       3     123.7774
       4     128.8947
       5     124.1911
       6     126.6427
       7     125.9530
       8     128.7847
       9     128.4195
      10     129.0140
      11     126.4263
      12     130.3048
      13     127.3015
      14     127.4335
      15     125.1199
      16     125.7191
      17     124.1446
      18     125.5586
      19     121.5830
      20     125.5784
      21     125.0307
      22     126.3750
      23     130.6112
      24     127.0629
      25     127.7045
      26     128.7670
      27     125.7889
      28     127.7313
      29     128.8834
      30     126.9518
      31     126.7389
      32     125.9717
      33     128.6934
      34     126.4045
      35     129.7290
      36     129.7374
      37     124.7977
      38     127.7727
      39     128.1447
      40     127.1902
      41     127.1288
      42     128.8854
      43     128.5405
      44     127.0410
      45     125.8141
      46     126.2486
      47     128.8641
      48     124.7875
      49     127.5734
      50     128.6388
      51     124.7971
      52     128.0156
      53     127.2177
      54     126.2476
      55     128.0081
      56     126.7383
      57     126.5454
      58     125.5593
      59     125.5931
      60     126.4692
      61     126.2595
      62     125.7351
      63     128.5168
      64     126.3894
      65     129.2668
      66     126.7066
      67     121.3199
      68     129.8000
      69     126.8954
      70     126.0709
      71     125.1334
      72     127.5694
      73     125.7233
      74     126.0538
      75     125.3427
      76     126.7546
      77     128.0745
      78     124.5132
      79     128.1087
      80     128.6940
      81     127.7011
      82     127.3228
      83     126.1248
      84     126.0426
      85     125.0188
      86     120.9079
      87     122.7465
      88     125.8737
      89     122.2912
      90     124.6104
      91     120.8912
      92     125.3485
      93     124.4784
      94     124.9277
      95     126.2602
      96     125.6688
      97     124.6701
      98     125.8756
      99     128.8299
     100     124.0457
     101     125.0155
     102     124.5011
     103     127.9965
     104     129.3468
     105     127.0047
     106     123.0430
     107     126.0391
     108     127.7911
     109     125.5036
     110     126.0724
     111     122.8431
     112     120.6407
     113     125.6979
     114     126.8533
     115     122.9367
     116     126.2505
     117     123.5816
     118     125.5179
     119     132.1029
     120     124.7476
     121     125.4931
     122     126.8531
     123     126.7534
     124     126.6416
     125     123.2099
     126     127.7651
     127     127.0761
     128     127.8602
     129     129.1048
     130     123.6340
     131     125.8031
     132     127.4214
     133     122.9856
     134     126.9492
     135     129.5502
     136     126.8348
     137     127.6834
     138     126.2326
     139     127.2954
     140     126.1598
     141     125.1310
     142     126.5712
     143     126.0476
     144     124.1641
     145     121.0228
     146     130.5499
     147     126.2601
     148     126.5611
     149     126.7964
     150     128.6126
     151     127.0818
     152     123.0445
     153     129.1921
     154     126.0296
     155     125.1245
     156     128.1996
     157     128.0280
     158     127.2616
     159     128.7569
     160     124.8787
     161     122.6069
     162     126.6740
     163     124.2795
     164     125.2869
     165     129.6031
     166     127.8429
     167     125.0096
     168     129.8268
     169     129.9813
     170     125.0330
     171     125.2950
     172     125.4829
     173     127.2916
     174     127.8093
     175     126.2530
     176     123.9426
     177     123.7814
     178     127.9572
     179     126.9360
     180     126.3735
     181     125.9533
     182     123.9246
     183     127.4058
     184     125.5957
     185     128.6757
     186     127.7653
     187     129.6103
     188     126.4134
     189     128.5006
     190     126.3285
     191     127.5345
     192     128.6849
     193     132.4885
     194     125.0712
     195     129.3145
     196     123.8702
     197     121.1541
     198     129.4868
     199     124.7042
     200     125.8860
     201     124.1593
     202     128.2447
     203     125.9485
     204     126.5865
     205     123.7060
     206     119.3608
     207     123.2972
     208     123.8049
     209     126.5939
     210     126.1085
     211     125.2029
     212     123.5022
     213     125.3680
     214     120.5782
     215     123.1027
     216     121.3989
     217     124.1455
     218     126.1299
     219     128.0893
     220     125.8189
     221     127.2114
     222     126.6094
     223     129.8824
     224     126.5449
     225     124.3738
     226     124.0972
     227     125.5763
     228     128.6084
     229     124.3861
     230     124.0234
     231     126.3660
     232     126.7973
     233     123.5313
     234     120.6698
     235     122.9715
     236     121.2445
     237     120.3734
     238     127.9382
     239     125.2733
     240     121.2395
     241     124.8356
     242     118.5522
     243     121.0457
     244     115.6839
     245     121.9677
     246     120.3870
     247     120.9953
     248     124.8299
     249     121.4747
     250     126.0347
     251     125.1345
     252     125.5623
     253     126.2934
     254     123.4092
     255     126.7592
     256     127.6344
     257     126.2953
     258     125.9128
     259     128.6134
     260     123.0010
     261     123.9549
     262     121.6205
     263     126.9629
     264     125.7946
     265     127.0125
     266     129.2285
     267     126.4684
     268     123.5119
     269     126.1132
     270     122.3791
     271     122.7295
     272     126.3635
     273     128.2676
     274     130.2505
     275     131.8123
     276     132.4065
     277     129.9778
     278     128.4034
     279     130.3002
     280     129.1234
     281     130.5307
     282     125.7768
     283     122.5791
     284     119.8073
     285     121.8713
     286     117.2202
     287     124.1772
     288     123.6847
     289     122.1505
     290     120.1905
     291     122.2154
     292     122.1428
     293     118.4606
     294     117.8594
     295     120.8171
     296     122.3900
     297     125.3773
     298     127.5366
     299     120.4446
     300     125.2173
     301     124.8049
     302     121.5724
     303     123.9571
     304     126.1006
     305     127.8144
     306     122.7545
     307     126.7249
     308     127.0448
     309     125.2684
     310     125.0051
     311     122.8648
     312     125.3696
     313     122.4584
     314     127.3291
     315     123.6386
     316     126.4874
     317     125.9589
     318     126.4205
     319     124.1234
     320     123.0797
     321     125.1619
     322     124.0041
     323     123.7578
     324     118.6592
     325     125.0893
     326     119.5441
     327     124.9033
     328     122.7741
     329     121.7170
     330     124.2319
     331     119.9759
     332     123.5817
     333     121.0150
     334     121.0928
     335     124.2970
     336     118.6006
     337     118.9768
     338     117.1029
     339     119.8061
     340     115.7846
     341     126.6693
     342     126.2851
     343     122.4984
     344     123.4955
     345     122.0461
     346     122.0992
     347     123.5743
     348     123.0818
     349     124.9489
     350     121.3142
     351     124.3757
     352     120.8490
     353     121.5274
     354     121.3828
     355     123.6522
     356     127.9540
     357     127.3845
     358     124.1096
     359     125.4083
     360     122.4428
     361     122.5866
     362     122.8685
     363     123.8564
     364     122.5654
     365     120.8609
     366     123.5906
     367     122.2192
     368     122.2189
     369     123.2625
     370     121.2169
     371     122.1563
     372     123.1892
     373     121.3575
     374     121.8072
     375     125.1931
     376     122.8384
     377     119.9868
     378     120.5804
     379     122.9136
     380     120.3357
     381     122.8955
     382     123.9125
     383     120.4335
     384     120.3869
     385     124.5211
     386     121.2379
     387     125.0167
     388     126.6913
     389     121.0992
     390     127.7097
     391     126.1930
     392     126.0938
     393     125.1135
     394     124.5451
     395     127.4387
     396     126.2704
     397     126.3770
     398     126.9496
     399     122.5032
     400     126.7717
     401     129.0066
     402     125.7515
     403     125.0312
     404     125.3444
     405     125.7246
     406     125.9387
     407     128.0550
     408     124.2610
     409     124.6254
     410     126.2441
     411     125.8346
     412     124.0840
     413     125.6025
     414     126.1527
     415     127.6019
     416     124.7007
     417     126.9747
     418     125.6142
     419     123.0052
     420     125.1695
     421     124.1102
     422     123.4689
     423     121.8759
     424     122.1085
     425     125.7902
     426     125.5099
     427     124.6234
     428     126.4080
     429     124.6054
     430     123.0887
     431     126.3854
     432     125.3743
     433     125.6092
     434     123.0994
     435     124.3340
     436     125.0788
     437     128.0563
     438     125.7989
     439     123.4605
     440     125.0213
     441     125.0443
     442     124.8112
     443     119.4029
     444     127.1072
     445     122.9848
     446     125.0225
     447     122.9435
     448     123.8824
     449     127.7101
     450     126.0741
     451     121.8568
     452     125.1654
     453     124.4938
     454     126.3296
     455     125.5530
     456     125.9301
     457     129.2060
     458     126.1716
     459     124.4869
     460     126.3838
     461     126.9583
     462     126.8579
     463     127.4376
     464     125.7957
     465     126.3623
     466     127.1270
     467     127.2295
     468     126.7809
     469     124.8538
     470     124.7024
     471     126.0230
     472     124.0111
     473     124.0825
     474     125.4170
     475     125.4118
     476     125.2490
     477     124.0787
     478     126.0617
     479     121.7934
     480     122.9057
     481     121.8725
     482     123.1732
     483     125.9637
     484     123.3023
     485     120.6354
     486     123.3068
     487     120.5006
     488     124.1661
     489     120.1217
     490     121.1348
     491     126.6595
     492     125.5966
     493     124.6381
     494     123.5767
     495     120.7967
     496     124.7083
     497     126.7754
     498     126.4759
     499     124.7408
     500     125.2507
     501     122.1957
     502     123.5118
     503     121.5529
     504     117.1386
     505     117.9154
     506     123.1562
     507     120.6103
     508     124.0003
     509     122.7273
     510     124.1429
     511     124.1190
     512     123.5931
     513     122.7582
     514     124.9881
     515     127.7957
     516     124.7500
     517     127.0780
     518     120.9664
     519     121.2751
     520     120.7577
     521     124.9743
     522     126.8774
     523     126.1844
     524     123.0161
     525     125.8511
     526     121.2081
     527     123.0318
     528     126.5272
     529     125.4652
     530     121.1075
     531     124.5834
     532     123.9864
     533     124.9123
     534     122.6681
     535     126.7966
     536     125.6463
     537     116.6604
     538     117.8589
     539     122.4535
     540     125.2307
     541     122.1123
     542     125.6907
     543     121.1224
     544     127.3190
     545     119.5071
     546     111.7303
     547     114.4474
     548     113.3779
     549     114.6727
     550     112.1158
     551     117.0249
     552     120.6431
     553     120.6474
     554     113.2299
     555     114.9444
     556     114.5217
     557     110.1164
     558     112.5935
     559     113.3780
     560     108.1506
     561     107.2028
     562     104.9818
     563     110.1352
     564     112.4059
     565     113.8866
     566     104.1744
     567     101.5588
     568      96.4126
     569     106.5293
     570     112.6859
     571     103.0688
     572     108.3931
     573     104.8828
     574     106.5721
     575     106.0048
     576     104.4789
     577     109.4408
     578     104.3804
     579     104.4374
     580     107.3809
     581     110.2353
     582     107.1761
     583     109.9293
     584     106.4939
     585     111.2515
     586     110.9208
     587     111.6326
     588     112.0318
     589     109.8802
     590     108.7915
     591     116.9692
     592     110.9194
     593     113.0071
     594     112.8584
     595     108.2361
     596     105.9059
     597      99.9991
     598     111.9700
     599     108.3308
     600      97.6850
     601      92.9837
     602      98.7910
     603     109.2185
     604     110.5580
     605     101.6950
     606     111.0398
     607     106.2320
     608     105.5499
     609     102.6526
     610      92.4213
     611      91.3200
     612      92.4593
     613      81.6886
     614      89.0088
     615      90.0344
     616      87.9942
     617      92.3435
     618      94.3157
     619      97.7896
     620      95.3865
     621      99.4200
     622      99.5799
     623     109.3861
     624     107.3609
     625     105.8850
     626     100.5737
     627     107.6473
     628     103.6524
     629     106.1294
     630     102.9754
     631     105.7603
     632     103.8777
     633     106.9920
     634     103.3356
     635     102.7482
     636     102.6395
     637      96.9259
     638     103.0612
     639      95.0256
     640     105.7136
     641     105.3425
     642      97.1290
     643     105.2968
     644     104.8171
     645     111.1543
     646     107.2541
     647     112.9465
     648     111.2959
     649     110.2755
     650     107.5356
     651     105.8715
     652     119.8413
     653     105.3017
     654     102.0905
     655     109.2399
     656     112.4844
     657     109.1842
     658     107.3011
     659     100.7346
     660     101.9443
     661     104.8978
     662     112.0637
     663     113.4450
     664     114.5264
     665     108.0937
     666     110.7266
     667     102.4455
     668     104.7288
     669     111.6426
     670     106.6501
     671     104.7468
     672      99.0191
     673     110.4815
     674     110.6855
     675     107.7901
     676     107.5710
     677     110.6649
     678     111.8380
     679     109.5948
     680     105.9235
     681     110.1042
     682     100.8476
     683     113.9413
     684     104.5990
     685     103.8853
     686     107.9438
     687     109.7838
     688     103.3835
     689     109.3039
     690     106.7617
     691     105.5304
     692     108.6843
     693     105.3971
     694     103.1985
     695     108.6231
     696     105.2082
     697     104.4208
     698     112.2799
     699     118.1171
     700      99.6031
     701     106.7747
     702     106.8503
     703     108.7054
     704     118.1764
     705     111.9998
     706      99.5748
     707     106.9336
     708     102.9577
     709     105.8966
     710     104.0614
     711      99.2677
     712     102.2464
     713      92.8656
     714      96.9144
     715      97.4232
     716     100.2011
     717     102.8527
     718     102.3480
     719     102.9619
     720     103.3928
     721     101.1253
     722     104.3304
     723     104.9794
     724      97.3186
     725      95.7798
     726      90.4297
     727      95.1860
     728      93.3039
     729     106.4816
     730      93.1494
     731      96.9546
     732      91.1572
     733      95.9053
     734      94.7658
     735      98.0610
     736     102.9242
     737     100.3442
     738      93.1764
     739      96.3952
     740      96.6647
     741      99.1552
     742      99.6368
     743      94.9516
     744      95.2260
     745      93.7772
     746     103.5968
     747      98.0494
     748      82.4613
     749      88.5173
     750      92.5240
     751      97.2570
     752      99.5145
     753      99.8939
     754      99.0236
     755      95.7537
     756      91.3924
     757      92.2028
     758      87.5908
     759      93.0925
     760      94.1980
     761      96.7506
     762      90.2999
     763      89.5237
     764      84.7790
     765      80.4825
     766      89.6432
     767      88.7682
     768      85.5461
     769      84.6783
     770      91.6252
     771      97.3894
     772      93.2152
     773      85.0787
     774      87.2997
     775      75.8046
     776      83.1625
     777      85.8522
     778      83.1591
     779      91.2236
     780      90.2514
     781     101.2535
     782      93.2624
     783      89.6088
     784      85.9616
     785      95.1485
     786      92.1086
     787      91.4079
     788      95.2256
     789      91.0932
     790      85.6457
     791      89.9294
     792      88.7035
     793      95.8006
     794      98.7068
     795      92.7293
     796      96.0770
     797      82.6891
     798      90.4541
     799      91.6446
     800      93.2015
     801      89.9481
     802      99.0571
     803     101.0264
     804     100.0951
     805      89.9428
     806      93.0679
     807      89.3323
     808      94.0507
     809      94.2906
     810      90.6132
     811      99.3136
     812      96.8866
     813      94.6980
     814      88.4596
     815      92.3365
     816     100.2503
     817      96.0083
     818      92.8642
     819      94.6871
     820      89.9181
     821      83.2694
     822      85.5246
     823      89.7358
     824      86.2971
     825      88.0582
     826      91.0987
     827      91.7408
     828      91.0389
     829      96.1780
     830      96.4669
     831      97.5967
     832      93.6544
     833      91.6070
     834      95.8457
     835      90.5174
     836      95.4351
     837      91.7776
     838      89.5095
     839      94.0764
     840      94.4285
     841      95.1208
     842      95.1753
     843      97.0655
     844      88.5325
     845      90.6011
     846      93.1529
     847      97.2548
     848      90.9843
     849      84.5266
     850      93.1965
     851      97.6872
     852      97.4859
     853      95.5322
     854      96.3527
     855      93.8375
     856      93.9720
     857      98.0551
     858      99.1160
     859      97.1795
     860     101.7618
     861      94.8536
     862      92.8193
     863     100.3073
     864     102.1368
     865      96.3053
     866      96.6436
     867      98.6155
     868      99.7415
     869      93.1893
     870      94.3902
     871      98.5208
     872      97.6836
     873      93.1264
     874      96.7074
     875      94.5856
     876      86.6473
     877      89.3528
     878      93.0246
     879      94.5409
     880      94.5626
     881      86.1360
     882      95.5003
     883      88.5281
     884      84.9550
     885      88.7577
     886      93.4938
     887      97.5650
     888      95.3448
     889      96.7132
     890      97.0669
     891      96.7591
     892      96.8634
     893      96.3178
     894     100.6604
     895      95.8766
     896      96.7313
     897      95.0133
     898      96.1189
     899      95.7966
     900     100.1474
     901     103.0414
     902     101.1194
     903      98.3973
     904     103.9330
     905      95.0458
     906     103.9336
     907     109.3502
     908     109.0300
     909     107.0022
     910     106.5791
     911     105.9065
     912     111.4694
     913     103.8685
     914     110.4758
     915      98.3907
     916     106.9781
     917      98.9980
     918      96.1079
     919     101.0447
     920     102.6212
     921     100.3717
     922      98.2153
     923     100.1640
     924      95.2954
     925     101.8158
     926     104.1629
     927     106.1344
     928     105.1398
     929      92.3214
     930      87.0149
     931      91.5086
     932      97.3107
     933     100.0326
     934      98.4313
     935      98.6420
     936      86.0777
     937      95.9921
     938      87.7996
     939      86.2943
     940      82.8167
     941      83.5716
     942      87.4096
     943      92.1969
     944      85.5802
     945      90.5659
     946      91.3080
     947      86.0284
     948      83.8276
     949      84.3298
     950      79.2137
     951      86.3700
     952      85.0703
     953      86.4189
     954      87.4424
     955      89.3715
     956      82.4334
     957      86.0304
     958      81.7403
     959      84.0158
     960      80.3875
     961      80.5544
     962      82.2557
     963      81.9382
     964      84.6489
     965      82.7558
     966      84.5517
     967      87.9582
     968      86.6825
     969      80.0115
     970      87.3417
     971      91.0299
     972      83.0007
     973      78.8789
     974      84.9300
     975      83.5723
     976      84.3209
     977      83.2513
     978      86.3062
     979      84.6052
     980      84.7063
     981      84.3210
     982      82.5052
     983      85.2108
     984      81.7860
     985      78.4408
     986      85.4504
     987      84.7181
     988      83.8633
     989      85.6510
     990      85.2043
     991      85.4274
     992      79.6336
     993      86.6969
     994      86.3099
     995      80.5527
     996      80.8979
     997      78.0911
     998      83.7076
     999      85.7187
    1000      81.4891
    1001      86.0984
    1002      83.7827
    1003      86.3243
    1004      82.7270
    1005      85.2974
    1006      87.0462
    1007      86.0525
    1008      83.2387
    1009      86.8131
    1010      90.8281
    1011      85.9247
    1012      90.4769
    1013      85.6264
    1014      82.1305
    1015      79.6068
    1016      85.4306
    1017      87.9479
    1018      85.6886
    1019      90.5733
    1020      88.0545
    1021      89.5216
    1022      86.0809
    1023      86.6408
    1024      91.3428
    1025      90.5173
    1026      87.4826
    1027      89.4322
    1028      87.4457
    1029      88.4831
    1030      83.6747
    1031      82.3882
    1032      83.0702
    1033      83.5419
    1034      86.6471
    1035      85.4227
    1036      85.4318
    1037      86.0106
    1038      89.6344
    1039      86.1304
    1040      84.4881
    1041      87.9053
    1042      85.8645
    1043      88.8884
    1044      86.6509
    1045      96.1079
    1046      86.7581
    1047      85.6677
    1048      88.9033
    1049      88.9571
    1050      88.7626
    1051      87.6515
    1052      83.1182
    1053      89.4531
    1054      87.6527
    1055      87.5858
    1056      83.2749
    1057      87.5311
    1058      90.8299
    1059      89.9766
    1060      88.7242
    1061      84.5181
    1062      84.5508
    1063      82.2044
    1064      84.2118
    1065      81.1675
    1066      83.3924
    1067      81.5491
    1068      80.5026
    1069      79.3740
    1070      81.8536
    1071      80.1420
    1072      80.2388
    1073      76.1581
    1074      78.5897
    1075      72.4310
    1076      77.9726
    1077      81.6149
    1078      81.8603
    1079      84.0338
    1080      82.8308
    1081      79.8735
    1082      86.3883
    1083      90.4716
    1084      87.8652
    1085      87.8748
    1086      87.8417
    1087      89.7486
    1088      91.7094
    1089      98.3535
    1090      91.0947
    1091      87.2809
    1092      89.9466
    1093      87.2675
    1094      93.8167
    1095      89.2640
    1096      88.4322
    1097      87.3890
    1098      89.4053
    1099      90.6298
    1100      85.6354
    1101      93.9439
    1102      92.6027
    1103      91.8005
    1104      84.3777
    1105      88.9131
    1106      88.8013
    1107      89.4917
    1108      86.4178
    1109      88.6391
    1110      86.8631
    1111      88.0696
    1112      89.3920
    1113      86.4203
    1114      89.2901
    1115      89.9891
    1116      90.1900
    1117      90.0528
    1118      87.9572
    1119      88.3591
    1120      85.5569
    1121      84.1791
    1122      86.1299
    1123      86.7079
    1124      86.1041
    1125      92.9859
    1126      91.5515
    1127      89.0680
    1128      87.2622
    1129      89.3391
    1130      90.9557
    1131      94.4731
    1132      97.1264
    1133     101.0163
    1134      99.1571
    1135      91.4807
    1136      93.0723
    1137      97.2939
    1138     100.9786
    1139      95.1133
    1140      94.1501
    1141      94.8268
    1142     103.0721
    1143      97.9781
    1144      95.9301
    1145      96.3267
    1146      98.6791
    1147     100.5161
    1148     101.2617
    1149      99.4995
    1150     103.8807
    1151     109.8676
    1152     105.8363
    1153     105.8220
    1154     104.7113
    1155     102.9070
    1156     107.6125
    1157     113.6880
    1158     106.3709
    1159     111.0354
    1160     112.0202
    1161     112.7281
    1162     109.4927
    1163     109.0450
    1164     104.3083
    1165     107.9711
    1166     105.8647
    1167     108.8424
    1168     106.2174
    1169     105.7114
    1170     104.3161
    1171     106.4291
    1172     105.9559
    1173     107.7023
    1174     104.9440
    1175     105.6460
    1176     101.9959
    1177     106.4084
    1178     104.4367
    1179     106.4895
    1180     107.6533
    1181     105.5086
    1182     108.9194
    1183     108.6732
    1184     111.7864
    1185     104.9172
    1186     104.5010
    1187     104.5541
    1188     111.2366
    1189     111.6079
    1190     110.2966
    1191     108.5963
    1192     107.2440
    1193     109.0416
    1194     111.9093
    1195     112.2120
    1196     110.1131
    1197     110.8567
    1198     112.1368
    1199     105.3244
    1200     112.0056
    1201     110.5856
    1202     111.7287
    1203     115.4214
    1204     117.2381
    1205     117.1513
    1206     108.5385
    1207     112.3982
    1208     114.1812
    1209     111.7118
    1210     111.4887
    1211     110.6100
    1212     117.0425
    1213     111.6179
    1214     111.4733
    1215     113.9358
    1216     113.8820
    1217     110.1949
    1218     106.6342
    1219     111.3873
    1220     113.1962
    1221     111.1271
    1222     113.2364
    1223     120.1762
    1224     113.8757
    1225     119.5800
    1226     115.0462
    1227     116.2264
    1228     117.7955
    1229     119.9148
    1230     109.9490
    1231     116.9029
    1232     116.4244
    1233     119.7022
    1234     115.5234
    1235     111.1723
    1236     114.4098
    1237     112.4644
    1238     109.5833
    1239     105.5086
    1240     115.3308
    1241     118.0418
    1242     107.5002
    1243     109.1677
    1244     112.6680
    1245     104.9656
    1246     108.8519
    1247     106.7185
    1248     104.8383
    1249     108.2625
    1250     107.0979
    1251     106.0518
    1252     112.6734
    1253     106.2128
    1254     110.4920
    1255     107.6688
    1256     108.0206
    1257     109.0809
    1258     109.2809
    1259     106.0038
    1260     108.0693
    1261     110.0486
    1262     107.6462
    1263     103.5661
    1264     103.1889
    1265     108.2152
    1266     103.8748
    1267     106.5569
    1268     103.5669
    1269     104.6704
    1270     104.3963
    1271     102.7820
    1272     107.1370
    1273     109.4978
    1274     110.0262
    1275     103.3776
    1276     110.0174
    1277     104.6858
    1278     107.8035
    1279     106.2710
    1280     106.8807
    1281     104.2334
    1282     108.8976
    1283     107.3334
    1284     111.4164
    1285     105.9848
    1286     106.9497
    1287     109.5697
    1288     108.7868
    1289     104.3876
    1290     110.3288
    1291     108.4703
    1292     107.2837
    1293     105.6579
    1294     111.4355
    1295     111.1912
    1296     107.4190
    1297     104.0531
    1298     106.7465
    1299     110.9659
    1300     108.8919
    1301     105.4779
    1302     108.3705
    1303     111.8928
    1304     111.6255
    1305     105.8399
    1306     103.6863
    1307     105.9565
    1308     109.0816
    1309     109.2768
    1310     107.2466
    1311     110.1420
    1312     112.1207
    1313     110.2852
    1314     113.3866
    1315     114.1115
    1316     111.8691
    1317     111.0512
    1318     110.5494
    1319     110.5465
    1320     110.6067
    1321     110.6687
    1322     108.5892
    1323     106.3936
    1324     107.9770
    1325     113.9885
    1326     108.8182
    1327     110.8862
    1328     106.3096
    1329     108.2555
    1330     108.4872
    1331     107.1022
    1332     113.6131
    1333     110.4171
    1334     113.6128
    1335     115.6259
    1336     107.6290
    1337     110.9236
    1338     107.6323
    1339     109.9352
    1340     113.5363
    1341     116.7081
    1342     114.8958
    1343     110.9913
    1344     112.1092
    1345     107.6687
    1346     109.9580
    1347     104.5442
    1348     107.6442
    1349     113.4206
    1350     112.9755
    1351     110.6680
    1352     113.0441
    1353     113.3442
    1354     109.7582
    1355     112.7677
    1356     113.1135
    1357     112.2927
    1358     115.9033
    1359     114.9971
    1360     113.9854
    1361     113.9810
    1362     113.0799
    1363     110.8309
    1364     117.8537
    1365     109.8433
    1366     109.0352
    1367     111.9917
    1368     111.9155
    1369     111.2115
    1370     112.5766
    1371     113.9094
    1372     108.0296
    1373     115.4525
    1374     116.2095
    1375     110.8923
    1376     113.7893
    1377     116.0348
    1378     119.7194
    1379     116.1775
    1380     115.5081
    1381     107.9082
    1382     114.6453
    1383     114.3157
    1384     111.8073
    1385     115.1071
    1386     114.6918
    1387     111.4473
    1388     116.3370
    1389     111.2277
    1390     110.1732
    1391     114.2974
    1392     111.0593
    1393     111.0214
    1394     115.5820
    1395     114.7204
    1396     113.8884
    1397     111.4230
    1398     115.8408
    1399     114.2639
    1400     111.3619
    1401     109.5148
    1402     113.0280
    1403     103.1273
    1404     108.6514
    1405     103.1661
    1406     101.6849
    1407     107.2928
    1408     105.8563
    1409     105.8384
    1410     105.0189
    1411     107.6580
    1412     109.0122
    1413     112.2447
    1414     108.8665
    1415     107.8461
    1416     110.1236
    1417     111.2345
    1418     107.0026
    1419     105.2706
    1420     107.5002
    1421     110.5523
    1422     112.6449
    1423     110.0670
    1424     108.9772
    1425     109.1451
    1426     106.2920
    1427     107.8588
    1428     106.5205
    1429     106.8651
    1430     110.3499
    1431     109.1518
    1432     111.4165
    1433     110.6154
    1434     112.5227
    1435     106.5419
    1436     104.2301
    1437     105.0023
    1438     107.0855
    1439     103.1248
    1440     106.3852
    1441     114.2550
    1442     111.4907
    1443     111.6965
    1444     117.1062
    1445     117.1787
    1446     109.1923
    1447     116.9947
    1448     114.6149
    1449     116.7598
    1450     114.0760
    1451     114.1942
    1452     112.9546
    1453     113.7526
    1454     114.5316
    1455     115.6069
    1456     113.2861
    1457     115.8124
    1458     114.2766
    1459     112.5938
    1460     113.9119
    1461     117.6170
    1462     119.7928
    1463     118.1719
    1464     117.5635
    1465     113.4666
    1466     115.0790
    1467     113.1589
    1468     116.1137
    1469     113.8870
    1470     116.9044
    1471     111.5069
    1472     115.5576
    1473     117.7311
    1474     115.8259
    1475     116.7423
    1476     112.7041
    1477     112.7762
    1478     112.7892
    1479     115.0876
    1480     112.1613
    1481     115.3194
    1482     115.1367
    1483     113.5112
    1484     114.5401
    1485     113.7929
    1486     111.8579
    1487     116.1390
    1488     113.3464
    1489     113.1441
    1490     114.9854
    1491     116.0294
    1492     116.6981
    1493     113.8972
    1494     116.3913
    1495     115.3921
    1496     114.9419
    1497     114.9662
    1498     114.6097
    1499     114.3654
    1500     113.1539
    1501     117.7692
    1502     113.9007
    1503     114.8051
    1504     112.0038
    1505     114.3275
    1506     116.2153
    1507     115.9037
    1508     113.4845
    1509     113.8444
    1510     113.7690
    1511     113.9646
    1512     112.5433
    1513     116.4172
    1514     115.8451
    1515     116.4284
    1516     113.5520
    1517     117.4548
    1518     115.5275
    1519     116.5237
    1520     113.2033
    1521     115.1745
    1522     113.7847
    1523     114.2852
    1524     112.8435
    1525     116.7158
    1526     113.6091
    1527     114.0197
    1528     111.6821
    1529     116.1025
    1530     117.4134
    1531     114.8664
    1532     117.7541
    1533     114.9105
    1534     115.8643
    1535     112.8638
    1536     120.5821
    1537     114.9029
    1538     114.4022
    1539     119.2335
    1540     114.9515
    1541     115.5643
    1542     113.8824
    1543     115.1408
    1544     115.1209
    1545     116.8161
    1546     114.5221
    1547     117.0913
    1548     114.8908
    1549     113.2376
    1550     111.5196
    1551     114.5070
    1552     113.4493
    1553     116.3236
    1554     114.0240
    1555     114.8559
    1556     115.4252
    1557     112.8222
    1558     110.7156
    1559     110.7831
    1560     115.4922
    1561     112.5475
    1562     115.2513
    1563     113.5898
    1564     113.3516
    1565     113.8752
    1566     111.5451
    1567     112.8608
    1568     113.0796
    1569     115.1150
    1570     112.3530
    1571     114.2328
    1572     112.4816
    1573     114.8516
    1574     114.6070
    1575     112.9271
    1576     113.8146
    1577     113.9317
    1578     114.4952
    1579     116.0553
    1580     109.2185
    1581     114.1891
    1582     109.3148
    1583     110.2650
    1584     110.9447
    1585     116.1551
    1586     115.7763
    1587     112.9877
    1588     114.6648
    1589     113.5636
    1590     112.0830
    1591     117.3384
    1592     112.8679
    1593     113.8138
    1594     116.0355
    1595     114.0645
    1596     116.0139
    1597     113.5589
    1598     113.4538
    1599     113.9865
    1600     114.7591
    1601     115.0906
    1602     113.2662
    1603     115.1314
    1604     114.1671
    1605     115.4078
    1606     114.7427
    1607     115.7532
    1608     114.4048
    1609     112.2889
    1610     115.8306
    1611     114.8227
    1612     116.7875
    1613     113.9076
    1614     110.1798
    1615     115.7984
    1616     117.2799
    1617     115.7035
    1618     115.4210
    1619     112.9557
    1620     114.2799
    1621     114.3013
    1622     112.9311
    1623     113.3472
    1624     116.0272
    1625     114.3041
    1626     117.6402
    1627     113.7731
    1628     115.7919
    1629     118.1673
    1630     115.8386
    1631     115.0824
    1632     117.3136
    1633     116.1841
    1634     116.4811
    1635     119.0468
    1636     113.5657
    1637     116.5587
    1638     115.5079
    1639     113.6381
    1640     117.1221
    1641     114.4263
    1642     116.8432
    1643     115.0472
    1644     116.8414
    1645     114.4891
    1646     116.6217
    1647     112.1359
    1648     114.4681
    1649     112.9506
    1650     114.8575
    1651     115.2441
    1652     114.5148
    1653     115.8009
    1654     116.3816
    1655     113.3083
    1656     115.4807
    1657     114.0070
    1658     113.4393
    1659     114.2644
    1660     117.6214
    1661     114.2856
    1662     116.9709
    1663     112.7958
    1664     114.6989
    1665     112.2915
    1666     115.0477
    1667     113.7579
    1668     115.3312
    1669     112.4080
    1670     111.0325
    1671     114.6133
    1672     111.1067
    1673     112.1073
    1674     112.0264
    1675     110.2073
    1676     109.1553
    1677     112.9142
    1678     113.6419
    1679     112.5071
    1680     112.6028
    1681     111.8368
    1682     114.5116
    1683     110.9125
    1684     107.6989
    1685     113.7820
    1686     112.1475
    1687     107.0543
    1688     111.2419
    1689     107.4786
    1690     111.0144
    1691     110.4228
    1692     109.8110
    1693     106.5895
    1694     109.3723
    1695     109.1971
    1696     111.3216
    1697     115.5449
    1698     112.9360
    1699     116.2285
    1700     114.5290
    1701     119.0892
    1702     113.0997
    1703     113.6905
    1704     111.3299
    1705     111.9551
    1706     113.9440
    1707     113.0094
    1708     114.1706
    1709     113.8129
    1710     115.9408
    1711     119.0916
    1712     114.1220
    1713     115.7300
    1714     114.8062
    1715     115.4531
    1716     114.6231
    1717     113.2253
    1718     114.6289
    1719     113.4926
    1720     112.8178
    1721     112.2055
    1722     111.6132
    1723     113.1382
    1724     112.3375
    1725     112.0159
    1726     111.6465
    1727     112.4054
    1728     111.9418
    1729     110.6846
    1730     110.1068
    1731     108.7944
    1732     109.4791
    1733     109.9403
    1734     115.1190
    1735     111.8919
    1736     109.9496
    1737     107.6318
    1738     110.5337
    1739     110.6660
    1740     110.3882
    1741     112.9252
    1742     112.1849
    1743     110.1488
    1744     111.4447
    1745     109.6960
    1746     111.5782
    1747     109.4587
    1748     109.7893
    1749     112.6784
    1750     110.8591
    1751     110.6583
    1752     112.7078
    1753     112.2768
    1754     112.9319
    1755     113.0523
    1756     113.3680
    1757     114.3648
    1758     111.9919
    1759     112.6903
    1760     112.8797
    1761     117.3201
    1762     111.6191
    1763     115.4335
    1764     113.7767
    1765     114.8184
    1766     115.1938
    1767     114.3036
    1768     114.5642
    1769     113.6422
    1770     114.9292
    1771     117.0342
    1772     114.4915
    1773     113.2414
    1774     111.5619
    1775     115.3676
    1776     115.2471
    1777     117.1017
    1778     114.6311
    1779     117.3539
    1780     111.9121
    1781     115.9816
    1782     111.5415
    1783     108.9219
    1784     108.4453
    1785     112.9808
    1786     111.3112
    1787     109.4317
    1788     100.0356
    1789     111.3096
    1790     110.9192
    1791     112.3779
    1792     107.1738
    1793     112.3755
    1794     112.4456
    1795     110.1036
    1796     109.7508
    1797     109.2592
    1798     108.8777
    1799     107.3736
    1800     116.3414
    1801     111.7303
    1802     112.1027
    1803     112.4943
    1804     108.7043
    1805     110.4129
    1806     111.2414
    1807     107.8202
    1808     111.7977
    1809     114.3171
    1810     118.0787
    1811     112.4519
    1812     114.8336
    1813     111.9500
    1814     112.4651
    1815     116.5530
    1816     110.9986
    1817     115.2087
    1818     112.2584
    1819     112.2225
    1820     113.7726
    1821     111.2984
    1822     110.4715
    1823     108.8115
    1824     111.4552
    1825     114.1175
    1826     115.3738
    1827     113.0198
    1828     112.3037
    1829     112.3585
    1830     116.1881
    1831     112.2531
    1832     113.9132
    1833     113.5536
    1834     116.6976
    1835     116.4219
    1836     117.4305
    1837     115.1253
    1838     115.9753
    1839     110.3020
    1840     111.4556
    1841     113.5776
    1842     109.8407
    1843     114.5278
    1844     111.6692
    1845     110.5341
    1846     111.0987
    1847     115.2474
    1848     112.9635
    1849     115.5660
    1850     114.2333
    1851     117.6087
    1852     114.5479
    1853     107.3529
    1854     112.6043
    1855     114.8124
    1856     108.4821
    1857     111.1395
    1858     112.3678
    1859     113.8146
    1860     111.5266
    1861     117.6121
    1862     115.9771
    1863     110.7602
    1864     109.2006
    1865     108.3076
    1866     114.3867
    1867     113.8848
    1868     111.1990
    1869     114.7043
    1870     115.1028
    1871     117.4945
    1872     116.2790
    1873     112.3986
    1874     112.9733
    1875     116.1471
    1876     111.3110
    1877     114.6748
    1878     111.1900
    1879     113.8126
    1880     117.6383
    1881     112.9828
    1882     110.5820
    1883     113.6271
    1884     112.2405
    1885     112.3771
    1886     114.2838
    1887     116.3024
    1888     109.2529
    1889     110.8437
    1890     114.4821
    1891     109.6821
    1892     114.7092
    1893     110.0541
    1894     112.9031
    1895     112.7703
    1896     110.6337
    1897     108.9306
    1898     110.0236
    1899     110.1948
    1900     110.3103
    1901     108.6817
    1902     107.1199
    1903     107.0593
    1904     107.0727
    1905     109.0067
    1906     107.8560
    1907     112.1226
    1908     107.1302
    1909     109.8122
    1910     112.3830
    1911     110.7724
    1912     110.9347
    1913     110.2570
    1914     106.4895
    1915     110.9462
    1916     105.9377
    1917     109.9089
    1918     108.5650
    1919     107.8752
    1920     109.8040
    1921     108.1136
    1922     105.6180
    1923     112.3810
    1924     111.5286
    1925     107.6411
    1926     107.6281
    1927     106.4659
    1928     111.7404
    1929     106.6547
    1930     107.5044
    1931     109.3626
    1932     109.6215
    1933     107.4595
    1934     106.1616
    1935     107.7699
    1936     112.4969
    1937     111.0056
    1938     111.3416
    1939     113.0743
    1940     110.3229
    1941     112.5357
    1942     109.6702
    1943     114.0279
    1944     110.6766
    1945     116.1718
    1946     116.6987
    1947     110.3344
    1948     114.0572
    1949     118.0685
    1950     112.4132
    1951     114.8585
    1952     115.4103
    1953     116.3937
    1954     115.7765
    1955     112.6462
    1956     113.5872
    1957     114.0757
    1958     113.6831
    1959     116.0800
    1960     114.0884
    1961     116.6868
    1962     117.9413
    1963     113.5519
    1964     116.3380
    1965     117.5668
    1966     117.1548
    1967     113.9737
    1968     116.2236
    1969     115.2020
    1970     113.6182
    1971     116.9320
    1972     119.7494
    1973     114.5283
    1974     114.6895
    1975     113.2226
    1976     112.5050
    1977     114.3042
    1978     118.9720
    1979     119.2709
    1980     114.9364
    1981     113.6562
    1982     115.6003
    1983     117.8112
    1984     112.9315
    1985     115.5910
    1986     119.5159
    1987     116.4315
    1988     111.9918
    1989     112.8776
    1990     119.3955
    1991     120.7112
    1992     116.7139
    1993     118.8812
    1994     119.6062
    1995     117.4450
    1996     118.1793
    1997     121.2620
    1998     119.1292
    1999     119.3414
    2000     117.7319
    2001     122.6501
    2002     123.5259
    2003     120.5412
    2004     121.7515
    2005     120.1247
    2006     120.7971
    2007     116.4325
    2008     116.0552
    2009     114.6153
    2010     115.6084
    2011     117.3053
    2012     117.3620
    2013     110.5305
    2014     110.6018
    2015     119.7381
    2016     114.2589
    2017     114.1927
    2018     117.1310
    2019     116.4031
    2020     113.7321
    2021     111.6606
    2022     117.7096
    2023     112.4616
    2024     112.5442
    2025     113.6108
    2026     114.8214
    2027     109.5386
    2028     111.8795
    2029     109.6457
    2030     113.5495
    2031     111.7044
    2032     108.9487
    2033     111.8987
    2034     117.6119
    2035     115.5771
    2036     116.3662
    2037     115.8728
    2038     116.7970
    2039     115.7948
    2040     113.2037
    2041     111.7789
    2042     111.7117
    2043     116.1023
    2044     114.5080
    2045     110.5997
    2046     112.8835
    2047     116.0984
    2048     118.2820
    2049     117.4085
    2050     115.6239
    2051     116.2229
    2052     120.6375
    2053     116.7257
    2054     114.7628
    2055     115.3253
    2056     116.3998
    2057     113.3034
    2058     116.4337
    2059     114.1142
    2060     112.7581
    2061     113.9766
    2062     114.5035
    2063     111.4234
    2064     116.6188
    2065     113.5326
    2066     111.1277
    2067     114.8486
    2068     114.6949
    2069     117.3086
    2070     115.0094
    2071     115.0005
    2072     116.6684
    2073     117.8412
    2074     116.0113
    2075     113.6485
    2076     115.1696
    2077     114.4079
    2078     117.3209
    2079     117.2261
    2080     117.1207
    2081     114.6262
    2082     117.2944
    2083     113.1987
    2084     112.5250
    2085     113.0571
    2086     114.9109
    2087     117.0618
    2088     119.5501
    2089     116.5979
    2090     118.3206
    2091     115.3030
    2092     116.8720
    2093     115.4272
    2094     119.9188
    2095     118.8316
    2096     115.6198
    2097     118.2254
    2098     120.0123
    2099     116.5790
    2100     116.5873
    2101     116.0894
    2102     117.7946
    2103     115.4498
    2104     113.3248
    2105     115.2541
    2106     111.3989
    2107     113.5317
    2108     118.5159
    2109     114.2069
    2110     113.0476
    2111     115.3989
    2112     112.0355
    2113     114.0009
    2114     117.6411
    2115     115.1671
    2116     114.2678
    2117     116.2468
    2118     117.5833
    2119     114.4787
    2120     112.3457
    2121     112.8872
    2122     116.3001
    2123     113.3660
    2124     115.5068
    2125     117.7969
    2126     112.4824
    2127     116.5909
    2128     116.4005
    2129     113.2176
    2130     114.9460
    2131     114.7900
    2132     114.3609
    2133     117.5817
    2134     117.3752
    2135     114.9129
    2136     117.6829
    2137     117.6982
    2138     117.7729
    2139     116.6691
    2140     118.8209
    2141     118.8900
    2142     113.8024
    2143     114.8983
    2144     111.1479
    2145     115.9364
    2146     115.1511
    2147     115.4316
    2148     117.8339
    2149     114.9705
    2150     118.7541
    2151     114.3973
    2152     116.4579
    2153     114.5260
    2154     114.6557
    2155     111.7297
    2156     116.3172
    2157     112.6316
    2158     112.3472
    2159     113.4005
    2160     113.8365
    2161     114.6577
    2162     117.3854
    2163     116.2755
    2164     121.3490
    2165     116.9631
    2166     117.2300
    2167     116.4683
    2168     120.1647
    2169     117.8593
    2170     120.4225
    2171     121.3519
    2172     121.9410
    2173     122.5237
    2174     119.9149
    2175     118.5713
    2176     119.2878
    2177     122.0486
    2178     119.9395
    2179     120.5949
    2180     123.9266
    2181     120.8687
    2182     120.4295
    2183     120.1722
    2184     120.3152
    2185     118.6298
    2186     117.5929
    2187     118.4510
    2188     119.8139
    2189     118.6303
    2190     118.8042
    2191     119.6158
    2192     120.7281
    2193     116.8379
    2194     118.5748
    2195     115.6898
    2196     112.9506
    2197     118.3804
    2198     115.9037
    2199     118.8282
    2200     121.9917
    2201     119.8766
    2202     121.2132
    2203     119.6261
    2204     122.1987
    2205     120.7741
    2206     121.7542
    2207     117.6555
    2208     120.0745
    2209     120.9405
    2210     117.0688
    2211     118.1205
    2212     120.2740
    2213     119.5051
    2214     116.3065
    2215     116.2805
    2216     119.0034
    2217     115.8001
    2218     120.2457
    2219     118.0105
    2220     119.6206
    2221     116.5523
    2222     114.4004
    2223     115.9834
    2224     118.2236
    2225     117.7375
    2226     118.0797
    2227     119.3316
    2228     118.5503
    2229     118.2175
    2230     118.1015
    2231     116.4364
    2232     118.4944
    2233     115.8585
    2234     117.8843
    2235     118.3913
    2236     116.1682
    2237     119.2763
    2238     116.4165
    2239     118.7474
    2240     116.3845
    2241     116.1225
    2242     124.2517
    2243     116.4492
    2244     115.0425
    2245     115.3744
    2246     114.3089
    2247     115.4792
    2248     117.2873
    2249     114.0403
    2250     111.3192
    2251     115.1177
