0 5
1 3
2 4
3 4
4 3
5 3
6 4
7 4
8 7
9 7
10 3
11 6
12 3
13 5
14 5
15 6
16 3
17 5
18 5
19 5
20 3
21 4
22 5
23 4
24 5
25 5
26 6
27 2
28 5
29 5
30 6
31 2
32 4
33 6
34 5
35 4
36 2
37 4
38 7
39 5
40 3
41 5
42 8
43 6
44 4
45 5
46 6
47 3
48 5
49 6
50 6
51 6
52 5
53 3
54 5
55 6
56 6
57 6
58 6
59 4
60 3
61 6
62 5
63 1
64 4
65 5
66 4
67 6
68 7
69 6
70 5
71 4
72 4
73 7
74 6
75 7
76 1
77 7
78 6
79 6
80 7
81 7
82 4
83 4
84 5
85 5
86 4
87 6
88 2
89 2
90 6
91 6
92 7
93 5
94 7
95 6
96 4
97 5
98 2
99 5
100 3
101 6
102 8
103 5
104 6
105 2
106 4
107 6
108 9
109 7
110 4
111 3
112 5
113 5
114 3
115 4
116 4
117 4
118 4
119 6
120 5
121 6
122 5
123 6
124 5
125 5
126 2
127 5
128 4
129 5
130 4
131 6
132 4
133 5
134 3
135 6
136 6
137 7
138 8
139 6
140 4
141 2
142 5
143 4
144 6
145 0
146 5
147 6
148 7
149 4
150 5
151 6
152 8
153 5
154 4
155 2
156 6
157 4
158 7
159 7
160 7
161 6
162 6
163 6
164 6
165 7
166 3
167 3
168 7
169 6
170 6
171 3
172 5
173 2
174 4
175 3
176 2
177 6
178 4
179 3
180 6
181 5
182 4
183 7
184 6
185 5
186 4
187 4
188 3
189 3
190 4
191 5
192 3
193 6
194 5
195 0
196 2
197 1
198 4
199 4
200 4
201 10
202 6
203 3
204 5
205 6
206 4
207 4
208 5
209 5
210 3
211 6
212 6
213 5
214 6
215 7
216 3
217 8
218 7
219 1
220 3
221 6
222 3
223 5
224 5
225 6
226 6
227 2
228 4
229 7
230 2
231 4
232 3
233 4
234 5
235 2
236 5
237 2
238 8
239 3
240 7
241 5
242 3
243 3
244 3
245 7
246 8
247 5
248 1
249 5
250 7
251 7
252 4
253 5
254 2
255 6
256 7
257 6
258 7
259 3
260 3
261 5
262 7
263 4
264 8
265 4
266 4
267 5
268 5
269 8
270 3
271 2
272 9
273 5
274 7
275 4
276 6
277 5
278 4
279 4
280 7
281 5
282 4
283 4
284 4
285 3
286 6
287 6
288 5
289 9
290 3
291 4
292 5
293 2
294 6
295 3
296 4
297 3
298 4
299 6
300 3
301 6
302 5
303 5
304 5
305 5
306 5
307 7
308 8
309 5
310 3
311 7
312 7
313 4
314 8
315 2
316 7
317 6
318 6
319 7
320 7
321 4
322 7
323 3
324 2
325 4
326 7
327 10
328 2
329 4
330 5
331 6
332 2
333 6
334 7
335 5
336 6
337 3
338 4
339 3
340 2
341 6
342 4
343 2
344 5
345 5
346 4
347 4
348 7
349 1
350 4
351 4
352 4
353 4
354 1
355 3
356 5
357 7
358 4
359 2
360 1
361 3
362 3
363 1
364 3
365 4
366 6
367 4
368 4
369 7
370 4
371 8
372 4
373 7
374 4
375 5
376 6
377 2
378 5
379 3
380 2
381 2
382 4
383 5
384 4
385 3
386 4
387 5
388 9
389 1
390 6
391 4
392 6
393 7
394 3
395 7
396 5
397 8
398 7
399 5
400 3
401 8
402 5
403 5
404 7
405 4
406 9
407 3
408 10
409 7
410 5
411 8
412 7
413 5
414 11
415 6
416 5
417 4
418 5
419 5
420 3
421 4
422 5
423 4
424 3
425 3
426 3
427 4
428 2
429 4
430 4
431 7
432 3
433 7
434 5
435 6
436 5
437 3
438 6
439 6
440 6
441 8
442 5
443 5
444 5
445 3
446 8
447 5
448 5
449 6
450 3
451 4
452 4
453 4
454 8
455 6
456 9
457 8
458 5
459 7
460 9
461 6
462 8
463 5
464 5
465 4
466 4
467 4
468 9
469 6
470 6
471 9
472 5
473 7
474 3
475 6
476 4
477 3
478 3
479 6
480 5
481 4
482 5
483 6
484 6
485 4
486 5
487 5
488 8
489 1
490 2
491 6
492 5
493 3
494 8
495 3
496 5
497 5
498 5
499 3
500 6
501 3
502 5
503 2
504 7
505 4
506 6
507 4
508 7
509 5
510 9
511 7
512 5
513 3
514 4
515 4
516 8
517 7
518 3
519 5
520 5
521 7
522 5
523 5
524 7
525 5
526 8
527 2
528 6
529 4
530 4
531 9
532 7
533 11
534 6
535 5
536 8
537 4
538 7
539 4
540 5
541 8
542 8
543 7
544 8
545 9
546 8
547 7
548 5
549 5
550 9
551 10
552 7
553 7
554 4
555 5
556 5
557 4
558 8
559 3
560 8
561 6
562 8
563 8
564 11
565 4
566 6
567 8
568 8
569 5
570 6
571 4
572 5
573 8
574 7
575 3
576 5
577 8
578 3
579 4
580 8
581 6
582 7
583 6
584 4
585 6
586 6
587 8
588 6
589 8
590 5
591 6
592 7
593 3
594 7
595 6
596 8
597 8
598 4
599 8
600 6
601 5
602 5
603 6
604 6
605 7
606 11
607 6
608 9
609 11
610 7
611 12
612 3
613 4
614 5
615 6
616 6
617 6
618 5
619 9
620 10
621 7
622 4
623 5
624 7
625 4
626 7
627 5
628 7
629 3
630 7
631 6
632 8
633 8
634 9
635 8
636 10
637 8
638 5
639 5
640 8
641 7
642 3
643 4
644 7
645 6
646 6
647 9
648 7
649 5
650 8
651 4
652 4
653 6
654 8
655 6
656 7
657 7
658 5
659 6
660 6
661 7
662 9
663 4
664 7
665 4
666 7
667 8
668 7
669 9
670 8
671 5
672 7
673 7
674 8
675 4
676 6
677 4
678 13
679 8
680 7
681 8
682 8
683 7
684 5
685 5
686 2
687 6
688 6
689 7
690 9
691 5
692 6
693 8
694 8
695 8
696 8
697 5
698 5
699 6
700 6
701 3
702 7
703 4
704 7
705 6
706 6
707 5
708 9
709 10
710 6
711 6
712 5
713 8
714 7
715 9
716 4
717 7
718 6
719 9
720 7
721 7
722 9
723 5
724 7
725 6
726 7
727 7
728 5
729 9
730 4
731 10
732 7
733 8
734 8
735 1
736 10
737 7
738 6
739 8
740 7
741 4
742 7
743 5
744 7
745 11
746 5
747 6
748 8
749 8
750 13
751 10
752 7
753 8
754 8
755 3
756 7
757 7
758 9
759 8
760 9
761 5
762 4
763 10
764 7
765 6
766 6
767 7
768 7
769 5
770 7
771 5
772 9
773 7
774 7
775 7
776 9
777 5
778 7
779 9
780 7
781 11
782 7
783 10
784 7
785 4
786 10
787 5
788 4
789 8
790 4
791 5
792 6
793 7
794 4
795 8
796 9
797 9
798 7
799 1
800 5
801 4
802 4
803 8
804 4
805 6
806 6
807 3
808 7
809 8
810 12
811 8
812 6
813 9
814 7
815 10
816 7
817 5
818 9
819 7
820 6
821 5
822 7
823 7
824 6
825 7
826 7
827 7
828 4
829 5
830 5
831 6
832 6
833 7
834 5
835 7
836 6
837 8
838 6
839 5
840 9
841 10
842 2
843 6
844 6
845 5
846 3
847 5
848 9
849 4
850 5
851 10
852 5
853 4
854 4
855 10
856 4
857 5
858 3
859 3
860 7
861 4
862 5
863 8
864 7
865 6
866 10
867 6
868 7
869 8
870 8
871 5
872 4
873 6
874 5
875 7
876 6
877 4
878 6
879 8
880 6
881 5
882 6
883 5
884 10
885 8
886 7
887 5
888 11
889 5
890 8
891 6
892 6
893 12
894 10
895 8
896 9
897 9
898 9
899 8
900 5
901 7
902 9
903 7
904 5
905 9
906 4
907 7
908 9
909 9
910 9
911 6
912 3
913 8
914 8
915 5
916 5
917 4
918 4
919 5
920 6
921 6
922 5
923 6
924 7
925 7
926 5
927 6
928 4
929 8
930 8
931 6
932 8
933 7
934 8
935 6
936 9
937 5
938 4
939 9
940 8
941 4
942 9
943 4
944 6
945 9
946 5
947 5
948 8
949 8
950 5
951 4
952 8
953 5
954 3
955 7
956 5
957 7
958 5
959 5
960 6
961 9
962 4
963 9
964 7
965 6
966 7
967 5
968 7
969 9
970 5
971 5
972 5
973 5
974 8
975 6
976 8
977 7
978 5
979 8
980 8
981 8
982 6
983 6
984 6
985 9
986 5
987 5
988 5
989 4
990 3
991 2
992 9
993 4
994 4
995 10
996 6
997 6
998 8
999 8
1000 4
1001 5
1002 3
1003 8
1004 6
1005 9
1006 9
1007 9
1008 11
1009 6
1010 7
1011 5
1012 6
1013 5
1014 7
1015 9
1016 8
1017 6
1018 9
1019 8
1020 11
1021 8
1022 5
1023 10
1024 7
1025 5
1026 7
1027 3
1028 10
1029 8
1030 6
1031 5
1032 2
1033 8
1034 3
1035 6
1036 3
1037 5
1038 6
1039 6
1040 6
1041 6
1042 10
1043 7
1044 4
1045 5
1046 4
1047 2
1048 5
1049 4
1050 3
1051 1
1052 5
1053 4
1054 8
1055 6
1056 5
1057 3
1058 3
1059 4
1060 5
1061 6
1062 2
1063 6
1064 6
1065 2
1066 4
1067 5
1068 5
1069 3
1070 1
1071 1
1072 3
1073 2
1074 4
1075 3
1076 3
1077 1
1078 2
1079 6
1080 5
1081 4
1082 3
1083 5
1084 5
1085 5
1086 8
1087 0
1088 2
1089 4
1090 2
1091 4
1092 5
1093 5
1094 3
1095 3
1096 4
1097 1
1098 4
1099 4
1100 4
1101 2
1102 3
1103 4
1104 4
1105 7
1106 4
1107 2
1108 3
1109 4
1110 5
1111 6
1112 2
1113 5
1114 1
1115 2
1116 4
1117 3
1118 6
1119 2
1120 1
1121 5
1122 3
1123 4
1124 7
1125 8
1126 4
1127 5
1128 2
1129 4
1130 5
1131 6
1132 3
1133 6
1134 2
1135 3
1136 5
1137 3
1138 5
1139 6
1140 6
1141 8
1142 4
1143 7
1144 6
1145 6
1146 8
1147 8
1148 9
1149 5
1150 8
1151 9
1152 6
1153 5
1154 8
1155 7
1156 4
1157 10
1158 7
1159 6
1160 7
1161 6
1162 7
1163 8
1164 8
1165 12
1166 13
1167 6
1168 9
1169 4
1170 6
1171 4
1172 6
1173 5
1174 5
1175 8
1176 8
1177 6
1178 8
1179 8
1180 8
1181 3
1182 8
1183 6
1184 6
1185 6
1186 6
1187 4
1188 7
1189 8
1190 7
1191 7
1192 4
1193 5
1194 4
1195 5
1196 7
1197 3
1198 6
1199 9
1200 3
1201 6
1202 5
1203 6
1204 6
1205 7
1206 3
1207 2
1208 2
1209 4
1210 4
1211 3
1212 7
1213 4
1214 7
1215 7
1216 9
1217 6
1218 5
1219 3
1220 3
1221 6
1222 5
1223 7
1224 5
1225 9
1226 9
1227 9
1228 5
1229 6
1230 5
1231 9
1232 4
1233 7
1234 8
1235 5
1236 6
1237 6
1238 6
1239 5
1240 4
1241 4
1242 8
1243 2
1244 6
1245 5
1246 4
1247 7
1248 6
1249 7
1250 4
1251 4
1252 10
1253 9
1254 7
1255 3
1256 2
1257 3
1258 5
1259 2
1260 3
1261 5
1262 2
1263 5
1264 4
1265 4
1266 2
1267 7
1268 3
1269 3
1270 5
1271 4
1272 6
1273 6
1274 4
1275 6
1276 3
1277 2
1278 2
1279 4
1280 6
1281 3
1282 6
1283 4
1284 6
1285 4
1286 5
1287 3
1288 4
1289 6
1290 9
1291 5
1292 1
1293 8
1294 5
1295 5
1296 7
1297 3
1298 5
1299 3
1300 7
1301 4
1302 1
1303 5
1304 5
1305 8
1306 6
1307 6
1308 4
1309 3
1310 3
1311 3
1312 6
1313 4
1314 3
1315 6
1316 3
1317 7
1318 5
1319 1
1320 5
1321 4
1322 3
1323 4
1324 4
1325 4
1326 4
1327 6
1328 5
1329 2
1330 4
1331 6
1332 5
1333 4
1334 4
1335 4
1336 6
1337 3
1338 7
1339 6
1340 5
1341 9
1342 2
1343 6
1344 4
1345 6
1346 7
1347 7
1348 5
1349 3
1350 5
1351 3
1352 5
1353 5
1354 6
1355 3
1356 5
1357 6
1358 7
1359 7
1360 5
1361 3
1362 4
1363 2
1364 7
1365 7
1366 5
1367 2
1368 5
1369 4
1370 5
1371 4
1372 4
1373 3
1374 6
1375 6
1376 7
1377 5
1378 6
1379 7
1380 6
1381 3
1382 5
1383 5
1384 7
1385 6
1386 5
1387 5
1388 6
1389 3
1390 6
1391 4
1392 5
1393 1
1394 2
1395 2
1396 4
1397 3
1398 4
1399 4
1400 4
1401 5
1402 6
1403 6
1404 9
1405 5
1406 4
1407 7
1408 9
1409 3
1410 7
1411 4
1412 5
1413 4
1414 8
1415 5
1416 7
1417 4
1418 6
1419 3
1420 2
1421 2
1422 6
1423 5
1424 3
1425 3
1426 6
1427 6
1428 5
1429 4
1430 4
1431 4
1432 5
1433 4
1434 6
1435 5
1436 6
1437 5
1438 3
1439 3
1440 4
1441 3
1442 4
1443 5
1444 5
1445 5
1446 9
1447 6
1448 7
1449 1
1450 8
1451 3
1452 4
1453 6
1454 3
1455 5
1456 5
1457 5
1458 7
1459 6
1460 8
1461 5
1462 7
1463 5
1464 7
1465 5
1466 5
1467 4
1468 3
1469 5
1470 4
1471 9
1472 11
1473 4
1474 3
1475 4
1476 2
1477 2
1478 5
1479 3
1480 2
1481 5
1482 4
1483 6
1484 5
1485 7
1486 4
1487 3
1488 2
1489 4
1490 3
1491 5
1492 6
1493 4
1494 3
1495 5
1496 5
1497 5
1498 5
1499 3
1500 3
1501 3
1502 3
1503 5
1504 4
1505 3
1506 4
1507 4
1508 3
1509 8
1510 3
1511 5
1512 7
1513 4
1514 6
1515 3
1516 6
1517 5
1518 6
1519 7
1520 4
1521 2
1522 6
1523 3
1524 4
1525 6
1526 3
1527 9
1528 5
1529 6
1530 4
1531 6
1532 4
1533 3
1534 7
1535 7
1536 3
1537 3
1538 5
1539 2
1540 1
1541 6
1542 5
1543 4
1544 6
1545 8
1546 6
1547 6
1548 3
1549 4
1550 6
1551 3
1552 6
1553 4
1554 5
1555 7
1556 8
1557 6
1558 4
1559 6
1560 5
1561 4
1562 3
1563 5
1564 3
1565 2
1566 3
1567 8
1568 8
1569 6
1570 6
1571 7
1572 2
1573 7
1574 4
1575 3
1576 6
1577 4
1578 7
1579 6
1580 5
1581 4
1582 5
1583 5
1584 5
1585 4
1586 2
1587 3
1588 3
1589 4
1590 5
1591 7
1592 4
1593 6
1594 3
1595 10
1596 6
1597 8
1598 5
1599 6
1600 6
1601 3
1602 7
1603 3
1604 9
1605 7
1606 5
1607 6
1608 5
1609 3
1610 7
1611 5
1612 7
1613 5
1614 4
1615 7
1616 7
1617 3
1618 3
1619 2
1620 4
1621 3
1622 5
1623 5
1624 4
1625 8
1626 7
1627 4
1628 8
1629 3
1630 5
1631 6
1632 8
1633 7
1634 5
1635 5
1636 7
1637 6
1638 5
1639 8
1640 8
1641 4
1642 7
1643 6
1644 5
1645 6
1646 3
1647 6
1648 3
1649 2
1650 4
1651 2
1652 4
1653 5
1654 3
1655 5
1656 2
1657 6
1658 5
1659 5
1660 1
1661 5
1662 3
1663 6
1664 3
1665 2
1666 5
1667 3
1668 6
1669 6
1670 5
1671 8
1672 6
1673 4
1674 6
1675 4
1676 7
1677 6
1678 5
1679 5
1680 5
1681 4
1682 7
1683 8
1684 8
1685 4
1686 5
1687 4
1688 6
1689 5
1690 4
1691 2
1692 6
1693 3
1694 4
1695 2
1696 1
1697 2
1698 4
1699 4
1700 5
1701 6
1702 6
1703 2
1704 6
1705 7
1706 9
1707 8
1708 5
1709 4
1710 5
1711 6
1712 3
1713 5
1714 3
1715 5
1716 6
1717 6
1718 5
1719 4
1720 7
1721 8
1722 8
1723 5
1724 5
1725 9
1726 4
1727 5
1728 5
1729 7
1730 5
1731 7
1732 5
1733 6
1734 2
1735 5
1736 3
1737 5
1738 4
1739 7
1740 3
1741 7
1742 5
1743 5
1744 6
1745 7
1746 5
1747 9
1748 8
1749 3
1750 4
1751 8
1752 7
1753 8
1754 7
1755 4
1756 8
1757 6
1758 3
1759 5
1760 3
1761 5
1762 6
1763 6
1764 4
1765 7
1766 3
1767 5
1768 4
1769 4
1770 3
1771 5
1772 5
1773 9
1774 5
1775 6
1776 7
1777 7
1778 9
1779 6
1780 6
1781 9
1782 6
1783 6
1784 3
1785 7
1786 6
1787 1
1788 5
1789 3
1790 10
1791 8
1792 7
1793 9
1794 9
1795 4
1796 6
1797 4
1798 3
1799 8
1800 3
1801 4
1802 7
1803 4
1804 4
1805 2
1806 5
1807 9
1808 2
1809 5
1810 4
1811 2
1812 3
1813 3
1814 7
1815 7
1816 6
1817 5
1818 9
1819 3
1820 5
1821 6
1822 2
1823 3
1824 4
1825 5
1826 5
1827 6
1828 2
1829 5
1830 4
1831 8
1832 6
1833 5
1834 5
1835 4
1836 7
1837 11
1838 5
1839 6
1840 8
1841 8
1842 3
1843 2
1844 4
1845 4
1846 1
1847 4
1848 6
1849 5
1850 5
1851 5
1852 4
1853 8
1854 4
1855 5
1856 6
1857 8
1858 6
1859 3
1860 5
1861 3
1862 4
1863 4
1864 4
1865 3
1866 8
1867 2
1868 5
1869 4
1870 3
1871 6
1872 6
1873 4
1874 4
1875 5
1876 2
1877 7
1878 6
1879 7
1880 5
1881 5
1882 5
1883 4
1884 9
1885 2
1886 5
1887 6
1888 5
1889 4
1890 2
1891 7
1892 5
1893 4
1894 7
1895 5
1896 5
1897 8
1898 3
1899 8
1900 5
1901 7
1902 8
1903 4
1904 6
1905 6
1906 6
1907 10
1908 2
1909 3
1910 7
1911 3
1912 7
1913 5
1914 2
1915 6
1916 5
1917 6
1918 6
1919 4
1920 4
1921 7
1922 6
1923 4
1924 2
1925 6
1926 7
1927 3
1928 5
1929 5
1930 5
1931 8
1932 4
1933 3
1934 5
1935 4
1936 5
1937 3
1938 5
1939 4
1940 6
1941 4
1942 5
1943 2
1944 4
1945 4
1946 5
1947 6
1948 4
1949 3
1950 8
1951 4
1952 4
1953 5
1954 5
1955 7
1956 6
1957 6
1958 5
1959 4
1960 4
1961 4
1962 4
1963 6
1964 7
1965 4
1966 5
1967 4
1968 4
1969 5
1970 10
1971 6
1972 3
1973 5
1974 5
1975 5
1976 7
1977 6
1978 8
1979 4
1980 4
1981 5
1982 7
1983 1
1984 5
1985 4
1986 7
1987 6
1988 4
1989 6
1990 8
1991 5
1992 5
1993 5
1994 7
1995 6
1996 4
1997 6
1998 4
1999 8
2000 6
2001 6
2002 5
2003 7
2004 8
2005 7
2006 4
2007 7
2008 6
2009 7
2010 4
2011 6
2012 9
2013 6
2014 5
2015 4
2016 6
2017 5
2018 6
2019 5
2020 8
2021 5
2022 5
2023 6
2024 5
2025 7
2026 6
2027 5
2028 5
2029 6
2030 6
2031 4
2032 8
2033 3
2034 8
2035 5
2036 5
2037 3
2038 8
2039 6
2040 5
2041 7
2042 9
2043 4
2044 9
2045 4
2046 6
2047 7
2048 4
2049 3
2050 4
2051 2
2052 4
2053 7
2054 6
2055 3
2056 5
2057 2
2058 3
2059 5
2060 4
2061 3
2062 7
2063 8
2064 8
2065 3
2066 3
2067 2
2068 3
2069 4
2070 5
2071 8
2072 5
2073 6
2074 3
2075 5
2076 3
2077 2
2078 5
2079 7
2080 6
2081 3
2082 6
2083 6
2084 2
2085 8
2086 4
2087 5
2088 5
2089 7
2090 4
2091 6
2092 10
2093 6
2094 6
2095 3
2096 5
2097 8
2098 6
2099 5
2100 6
2101 6
2102 6
2103 3
2104 4
2105 8
2106 3
2107 7
2108 8
2109 6
2110 7
2111 7
2112 9
2113 5
2114 3
2115 9
2116 4
2117 2
2118 5
2119 1
2120 6
2121 6
2122 5
2123 5
2124 5
2125 7
2126 6
2127 7
2128 7
2129 5
2130 6
2131 5
2132 7
2133 2
2134 4
2135 8
2136 9
2137 6
2138 4
2139 9
2140 5
2141 5
2142 3
2143 7
2144 6
2145 9
2146 5
2147 6
2148 4
2149 5
2150 4
2151 8
2152 5
2153 5
2154 4
2155 3
2156 5
2157 5
2158 6
2159 5
2160 2
2161 5
2162 3
2163 8
2164 8
2165 5
2166 9
2167 5
2168 5
2169 3
2170 6
2171 8
2172 2
2173 3
2174 4
2175 7
2176 4
2177 5
2178 8
2179 7
2180 6
2181 5
2182 3
2183 5
2184 7
2185 6
2186 6
2187 6
2188 4
2189 1
2190 4
2191 5
2192 5
2193 4
2194 2
2195 5
2196 3
2197 3
2198 6
2199 5
2200 3
2201 4
2202 3
2203 9
2204 6
2205 4
2206 1
2207 6
2208 2
2209 3
2210 5
2211 3
2212 4
2213 4
2214 5
2215 5
2216 5
2217 7
2218 6
2219 2
2220 2
2221 2
2222 5
2223 5
2224 5
2225 5
2226 4
2227 7
2228 4
2229 6
2230 6
2231 10
2232 4
2233 10
2234 8
2235 6
2236 9
2237 4
2238 6
2239 6
2240 7
2241 5
2242 5
2243 3
2244 3
2245 6
2246 3
2247 5
2248 7
2249 2
2250 5
